[
  [
    {
      "previous_output": "d8bb7a39f85135c14c37c8d370c97d642b907a791dd235793061e86e094c8d96:0",
      "script_sig": "483045022100ca65b3f290724d6c56fc333570fa342f2477f34b2a6c93c2e2d7216d9fe9088e022077e259a29ed1f988fab2b9f2ce17a4a56a20c188cadc72bca94e06a73826966501",
      "sequence": 4294967295,
      "witness": []
    },
    {
      "Some": [
        41,
        11,
        49,
        129,
        245,
        40,
        104,
        149,
        172,
        78,
        46,
        254,
        203,
        143,
        110,
        180,
        28,
        44,
        7,
        204,
        129,
        235,
        217,
        189,
        109,
        45,
        140,
        21,
        251,
        80,
        65,
        250
      ]
    }
  ],
  [
    {
      "previous_output": "c3f0bb699bcc8a4e0716de45aef74c40aabeb80f7f00b3bdb45e115ee6f5400f:0",
      "script_sig": "47304402201092da40af6dea8abcbeefb8586335b26d39d36be9b6c38d6c9cc18f20dd5886022045964de79a9008f68d53fc9bc58f9e30b224a1b98dbfda5c7b7b860f32c6aef101",
      "sequence": 4294967295,
      "witness": []
    },
    {
      "Some": [
        216,
        193,
        110,
        35,
        38,
        231,
        21,
        56,
        101,
        30,
        233,
        255,
        243,
        33,
        215,
        98,
        80,
        82,
        160,
        184,
        172,
        214,
        112,
        51,
        58,
        125,
        120,
        147,
        158,
        14,
        162,
        145
      ]
    }
  ],
  [
    {
      "previous_output": "b6c967d8f3a3d5fe859a12e9f385531655c2c457326845065fc3942da9e19920:0",
      "script_sig": "483045022100c8e980f43c616232e2d59dce08a5edb84aaa0915ea49780a8af367330216084a02203cc2628f16f995c7aaf6104cba64971963a4e084e4fbd0b6bcf825b47a09f8e301",
      "sequence": 4294967295,
      "witness": []
    },
    {
      "Some": [
        171,
        105,
        216,
        52,
        202,
        78,
        48,
        87,
        122,
        90,
        171,
        14,
        57,
        22,
        207,
        144,
        236,
        224,
        146,
        208,
        116,
        64,
        44,
        176,
        209,
        185,
        121,
        228,
        241,
        246,
        109,
        191
      ]
    }
  ],
  [
    {
      "previous_output": "193b51cd0c5a44bf6593e69fea91e9ddd311f610c5c23187552e3347b275b81b:0",
      "script_sig": "483045022100b0a1d0a00251c56809a5ab5d7ba6cbe68b82c9bf4f806ee39c568ae537572c840220781ce69017ec3b2d6f96ffff4d19c80c224f40c73b8c26cba4b30e7f4171579b01",
      "sequence": 4294967295,
      "witness": []
    },
    {
      "Some": [
        159,
        25,
        207,
        0,
        20,
        251,
        38,
        115,
        6,
        132,
        217,
        13,
        118,
        29,
        208,
        74,
        211,
        81,
        53,
        49,
        242,
        94,
        207,
        94,
        190,
        56,
        129,
        185,
        241,
        178,
        163,
        230
      ]
    }
  ],
  [
    {
      "previous_output": "a739f9909bdf50466fd746e42394fada8e245f29e6f5747fca0a70dec470b75f:0",
      "script_sig": "4830450220745a8d99c51f98f5c93b8d2f5f14a1f2d8cc42ff7329645681bcafe846cbf50d022100b24e31186129f3ae6cc8a226d1eda389373652a9cf2095631fcc4345067c1ff301",
      "sequence": 4294967295,
      "witness": []
    },
    {
      "Some": [
        63,
        36,
        87,
        6,
        162,
        217,
        69,
        60,
        114,
        111,
        157,
        13,
        40,
        211,
        191,
        163,
        155,
        255,
        195,
        189,
        251,
        154,
        142,
        43,
        199,
        192,
        157,
        33,
        141,
        76,
        93,
        93
      ]
    }
  ],
  [
    {
      "previous_output": "e7caf9a784751643f7b71881aaf96e2b3e041950b42638b4fcfe82ff57ba260d:0",
      "script_sig": "483045022024fd7345df2b2bd0e6f8416529046b7d52bda5ffdb70146bc6d72b1ba73cabcd022100ff99c03006cc8f28d92e686f0ae640d20395177f329d0a9dbd560fd2a55aeee701",
      "sequence": 4294967295,
      "witness": []
    },
    {
      "Some": [
        210,
        58,
        5,
        157,
        45,
        11,
        100,
        107,
        27,
        195,
        37,
        236,
        202,
        18,
        183,
        5,
        76,
        187,
        178,
        242,
        50,
        222,
        39,
        103,
        163,
        85,
        24,
        179,
        75,
        201,
        175,
        45
      ]
    }
  ]
]