[
  [
    {
      "previous_output": "f20696cf4b376f35a9a64827186fb58e38321507976780114e7e200d1a7f75a0:0",
      "script_sig": "48304502210091860df1366492979f046326edfaf002aefb82993670ab44fcb76d4dbf3d575502207d51b7f92efe716e743b4eb99961b3fb81ce5d374c5365140f7fc9e3cc8dce410141044db231aec29aae4dbdf654441f51ce0b54fdd65c36798874a64ffde581f4bd4534999121048121e0392cf51c8be209ab8cbb9124925d3652d352cc2a1870fd9a",
      "sequence": 4294967295,
      "witness": []
    },
    {
      "Some": [
        46,
        43,
        196,
        65,
        171,
        57,
        184,
        22,
        65,
        28,
        31,
        222,
        134,
        157,
        48,
        159,
        6,
        187,
        142,
        173,
        93,
        225,
        224,
        240,
        153,
        203,
        142,
        7,
        134,
        111,
        41,
        155
      ]
    }
  ],
  [
    {
      "previous_output": "4c51717671833296de0a19bb4dcf876960b9c00e95e5a1260c00a3bf51c4f99e:0",
      "script_sig": "483045022100b942f95a46ce2abcfae4a128579f5e5c35246ee976cda92d302bea7da0052e000220115a3e60dbb4e5ea66db87cf01487d24e711432d85c1c6f131741e10deee659801",
      "sequence": 4294967295,
      "witness": []
    },
    {
      "Some": [
        233,
        251,
        239,
        0,
        213,
        124,
        145,
        54,
        19,
        52,
        135,
        115,
        26,
        233,
        85,
        54,
        87,
        132,
        106,
        5,
        10,
        13,
        166,
        211,
        174,
        88,
        219,
        213,
        134,
        131,
        76,
        219
      ]
    }
  ],
  [
    {
      "previous_output": "61a48bea34fd86047de8de94e8c7166fa8daa385295093ec688e04e394e327c7:0",
      "script_sig": "483045022066d689c4fe4c595ac3eb7a946f70ac8dd32354624436469666f9deb7873032d602210090f25f986e89e299458dc9d681642a0f9535de6deacb707a6eb614113f2ee7c6014104d464b65b49608e06b1daf10ea9c2ce3b2b141835e8924fa9a3325b2ab770f8f8fc13c171e3aa61f43e8dac9501493294b67fce6c3baf78bad61a982509606309",
      "sequence": 4294967295,
      "witness": []
    },
    {
      "Some": [
        172,
        121,
        199,
        40,
        141,
        227,
        16,
        243,
        185,
        179,
        250,
        101,
        91,
        185,
        188,
        240,
        202,
        234,
        68,
        14,
        57,
        140,
        162,
        106,
        167,
        196,
        184,
        96,
        88,
        50,
        118,
        121
      ]
    }
  ],
  [
    {
      "previous_output": "69fd1688f26e61eb505b44e7bc487eab1313962c773087014dce67e25d4d558a:0",
      "script_sig": "48304502202529e0ede2f7545cf55cc70743545b8d5f5f7b5cf76687dd3da4f24b25d6e9d1022100a68aeaf818daf26ba0c7a78c00e4cbfc50e56d00c5e4ecf47ce79fa46f905e50014104fc1a6ab26b361384deccf09fc08a799231dc67595a366631ce2ce0d271107a6ff48ff2f481cb01bbfd6431b72252e115ab13ecc485293251c8616fef68445be8",
      "sequence": 4294967295,
      "witness": []
    },
    {
      "Some": [
        136,
        56,
        70,
        251,
        18,
        192,
        22,
        170,
        80,
        252,
        30,
        204,
        56,
        64,
        218,
        22,
        239,
        102,
        166,
        209,
        39,
        55,
        52,
        117,
        79,
        101,
        240,
        111,
        78,
        44,
        70,
        117
      ]
    }
  ],
  [
    {
      "previous_output": "de82358296c06eeb3d8c7dcc5407d5984fa5df595948c18a295072a21a5efe60:0",
      "script_sig": "4830450220634255f5d549f239a155381d2f3da237d68e5a7294549208e0daa1d6caac6cfc022100f189071450891e140820f03f6ccd98379d11029272abf28f236497ca2b7c78780141045d9d7f90d0ae7538b04f4f69b1b0572020736ebe62f72f34b2dabd8cc3e37cc2daabd009e338d576cbcd5c03f7ed8a2a7184f78524cde0d9c718e6334b0833f4",
      "sequence": 4294967295,
      "witness": []
    },
    {
      "Some": [
        16,
        55,
        53,
        248,
        232,
        84,
        39,
        187,
        138,
        166,
        62,
        77,
        191,
        153,
        216,
        70,
        166,
        137,
        187,
        159,
        206,
        46,
        6,
        12,
        240,
        193,
        240,
        145,
        232,
        159,
        198,
        210
      ]
    }
  ],
  [
    {
      "previous_output": "16b41c6a6b52f5301f14144b84ac52bc2eeedf25698c50761d9a49f664a8d296:0",
      "script_sig": "4730440220717fecd0cbeaeaa4e0342854a2cd73c7bd81ff47e0eacbbf695178c6bdbcb29e0220603b74c1e8750a8d876fef906ae1e9cc2fa2fecf61e55db3d6b88904ac702a0c014104ced4fd4ec384aa1764e71e58d262386f975e5b808109d73aed3c8486faa02a777777071b957b9ef33cbe91db5b3e0d71b96b2e93077a0b5b25160b1568403d65",
      "sequence": 4294967295,
      "witness": []
    },
    {
      "Some": [
        221,
        33,
        17,
        22,
        117,
        231,
        113,
        87,
        194,
        51,
        183,
        88,
        162,
        175,
        36,
        22,
        94,
        139,
        154,
        228,
        26,
        134,
        144,
        106,
        164,
        56,
        70,
        17,
        180,
        91,
        107,
        58
      ]
    }
  ],
  [
    {
      "previous_output": "c8c9e5851f93d153eed47450e3965e74514445cdca9005fee83bb79b1eae7cfa:0",
      "script_sig": "493046022100daa1ca49d04f72c9545540bdda7df894f797fadab7b322fc68b5e3a210899bd60221009dcd0af50f219541a66a9cd26cb928c3676963ccdebcb76c7c7260fa8cca118c014104656b482b4ac725c20d48bc7ee32ba614344f041261fa06ccc23ab2322af2d24ce100a33996b03584a8a53dd4ce5cf7a55a5651b15e4c12d063d32bb7efe99a43",
      "sequence": 4294967295,
      "witness": []
    },
    {
      "Some": [
        15,
        193,
        10,
        152,
        112,
        58,
        255,
        5,
        235,
        124,
        73,
        163,
        221,
        134,
        131,
        232,
        182,
        192,
        120,
        109,
        34,
        202,
        249,
        237,
        179,
        112,
        62,
        211,
        16,
        67,
        157,
        137
      ]
    }
  ],
  [
    {
      "previous_output": "b495d70ee3c3f51ba007e4431ea7f66831d2f872a947d58b8a3802c6b97058c2:0",
      "script_sig": "48304502206c77b3616db2fab692afc42efe5e4226c4a4d1fce7a478468584c9b6c5f86c4c022100a1b9f502c5aa9f90c9891902f5a051008625525125c242279c2f00a413b4fe040141040dc03386d94043baf301cc8f23b0546b9acf9c5d10557cc98703443d85d16ed30fa1993c8bcc4b36a389a79fb9e0d94e83f9f7392cd6a4d933d860b9d2ffbaac",
      "sequence": 4294967295,
      "witness": []
    },
    {
      "Some": [
        80,
        246,
        91,
        183,
        35,
        154,
        157,
        95,
        70,
        207,
        132,
        165,
        215,
        79,
        38,
        241,
        158,
        75,
        69,
        5,
        26,
        181,
        182,
        187,
        198,
        34,
        242,
        186,
        13,
        214,
        147,
        141
      ]
    }
  ],
  [
    {
      "previous_output": "da5ce3cd3f2d7270ce57639d421db7881d0d73ef8c0bd2ce91f0520b6e5bc907:0",
      "script_sig": "47304402202e6b2f8fb9ddacd86035fd8686d9839adb07bb838cb9ab69cc68de5297b1d64702206f2f40e30c06b86286e35a4334d9f2b4870cdaf86314db00fa3763fa58a33fc201410404cae44278595de0fda35e1b230dd02910d7512a43cac1fcae4ee9c66ccaf00ae3ad39cefafcc7059c870eb0cd0677dc562146c0bf68474800b68ee4cd497401",
      "sequence": 4294967295,
      "witness": []
    },
    {
      "Some": [
        221,
        46,
        11,
        213,
        19,
        11,
        187,
        215,
        107,
        21,
        69,
        191,
        194,
        192,
        148,
        67,
        16,
        183,
        58,
        252,
        174,
        9,
        152,
        72,
        151,
        65,
        255,
        66,
        237,
        10,
        164,
        161
      ]
    }
  ],
  [
    {
      "previous_output": "2d7802a8a37be818682c96f8e9cf815e8abfb27c9f2527a4114b5b4b2d24aa56:0",
      "script_sig": "47304402207981372d299176c2045d7555ca0c405c0d7fe0b24af1fb16e314451dab8b8b8b0220561360f5e7e261ccc8e502a1bd1dd5cbead6d753f8830d6075c4f4c30f41451e014104b58aa3d74d1fca0980b6f9064f6af92437fa08b04cb2d643310ccdcfeb2d3d91529af61f609c03c66b584db4b99f0029d38681e452afccc47bc52604b47f9034",
      "sequence": 4294967295,
      "witness": []
    },
    {
      "Some": [
        24,
        174,
        189,
        68,
        41,
        35,
        57,
        255,
        197,
        182,
        237,
        69,
        248,
        224,
        107,
        187,
        154,
        6,
        184,
        238,
        209,
        118,
        27,
        217,
        32,
        129,
        86,
        96,
        220,
        62,
        18,
        14
      ]
    }
  ],
  [
    {
      "previous_output": "e0ce4f89ba37928c914564d0c55af58582fc5c677ddd3e32e91c75efe5a4e83d:0",
      "script_sig": "473044022023f2beee6dcaaa4f4c0def39eaff2965e815b7e98bd820e95d1696ac874bb3d30220600d81ef6683b2d5ba8a773d7e143c7b06f3243090b35ad82cf0f6d03298d7a3014104dd462f7cdebdd031210473395454c50a537190c6430e03b9d4319d595edd0c3e4eaaf456770f830f14360c20aaee8b7fc51c5a66eeaca0f5635ab961b09b10f6",
      "sequence": 4294967295,
      "witness": []
    },
    {
      "Some": [
        138,
        220,
        123,
        4,
        239,
        208,
        186,
        107,
        151,
        114,
        173,
        128,
        232,
        92,
        234,
        147,
        116,
        209,
        85,
        87,
        16,
        158,
        101,
        174,
        248,
        20,
        61,
        107,
        205,
        197,
        163,
        18
      ]
    }
  ],
  [
    {
      "previous_output": "1ea985e00c4b2e499b1021018168eca826c0c7b9f2dfb9db5f46d789d3baa5f5:0",
      "script_sig": "483045022100db206c841624994069e7ab9b9326f372dd1021ef80e4183c79a8d4a301b5192702207ed4a65b1b709042746a37779d53893e1846db67ea02d2d5c1943378180e7d71014104e4960b2fadbfd8a5b763abce7b39be951d99398e8579582d3aeccb93ecc94c49ae115e57612636b83750884030b509c902bce028e8c45fc2beadd9fe4ad12d55",
      "sequence": 4294967295,
      "witness": []
    },
    {
      "Some": [
        0,
        53,
        249,
        27,
        87,
        177,
        217,
        50,
        162,
        39,
        50,
        81,
        7,
        101,
        131,
        237,
        51,
        35,
        53,
        174,
        160,
        224,
        94,
        24,
        54,
        60,
        244,
        43,
        195,
        189,
        107,
        235
      ]
    }
  ],
  [
    {
      "previous_output": "cc4a77e1a69a6f8cb44227b90703a6420e5cf7a1e2b1d36e99873a1212392e46:0",
      "script_sig": "48304502206d714d8d776ee65bcd0f432eae18a873d08a94c69ba230260b552485371afb24022100faa80a69871ee40ec46a15c101dce4dc0e53fcee03dc2e8ec10b65049a632ac00141040e18b94c08c536900917f6f9c65070a7c7cea7ee3d6b1c80690a071cc8fc6cde1ec3bbbf850eb4604c47d3c5b932979208a0cfc158a312aa4e69bd1c9a942cb8",
      "sequence": 4294967295,
      "witness": []
    },
    {
      "Some": [
        84,
        71,
        97,
        118,
        182,
        10,
        168,
        255,
        50,
        79,
        213,
        42,
        40,
        48,
        56,
        194,
        105,
        82,
        186,
        206,
        66,
        178,
        91,
        102,
        222,
        125,
        148,
        98,
        162,
        15,
        110,
        19
      ]
    }
  ],
  [
    {
      "previous_output": "e8463e62ea2531de221477198bd9fc745f4d36369b93993d6f2b61b8d4e04369:0",
      "script_sig": "493046022100e3931d5017d1461654c3956843d1732e3c0a0230a9c84125c21b02e061c5487a02210098d063bd4c078852ef43c11ccb9c24529bec1faa492c63d9784b0954cdf7410a014104a1e50249c79c09162dec1ad1b7eea134ae91481d09ca7d5e280a991bfc27ad977fd7200dffa15f83e147fbf69971490defa96941ac8cfa7198d88c8b7e7f7c34",
      "sequence": 4294967295,
      "witness": []
    },
    {
      "Some": [
        79,
        205,
        138,
        147,
        78,
        129,
        116,
        26,
        189,
        2,
        171,
        14,
        117,
        88,
        101,
        93,
        35,
        179,
        139,
        227,
        237,
        14,
        214,
        13,
        241,
        193,
        125,
        21,
        251,
        183,
        45,
        18
      ]
    }
  ],
  [
    {
      "previous_output": "5e336159d7e46b4c3edb735f09452aa801fc9f8af4633607dc9d3786f47eaacb:0",
      "script_sig": "473044022003d958b63bd974cc08294fc4be449ab2c739aaf582599e53a51635c02db1e56c02203931426b735c57edf9b8cc54f6fa559c81f0c36cf120a8313580eacf1b33079001410440572c686fcb30854743334e3f51c82e01f6566a342b47fa3cd810c58b863f4d98cf6d976639fbe7f5dd284da1d0ffc750e37619eb3a53b0cdcc5c557cd05581",
      "sequence": 4294967295,
      "witness": []
    },
    {
      "Some": [
        156,
        74,
        77,
        208,
        114,
        101,
        112,
        31,
        245,
        191,
        230,
        145,
        32,
        113,
        7,
        39,
        169,
        198,
        96,
        54,
        191,
        251,
        49,
        162,
        16,
        125,
        12,
        55,
        224,
        244,
        72,
        179
      ]
    }
  ],
  [
    {
      "previous_output": "fa2dc778ce81c85b618e820db298bc45d2a69fb981db148092364756ed38bf13:0",
      "script_sig": "46304302207c566285f6369591d258c68e1ab2fd76a1333b1e0a14d637f2c4bacc4b7a19e0021f3139500ddf2dc8a82e00a0bfa8a89823e9c2d3d8778cf209a5d5d639867077014104fbb9527f3980f8425de0eba5d100cfbbdd827d0c01d92d95587261dd5cc974b74783237b3cab17a9e59800bea1ab4f196fa88d2b709b18ca2f701df68c079350",
      "sequence": 4294967295,
      "witness": []
    },
    {
      "Some": [
        123,
        171,
        128,
        140,
        179,
        193,
        145,
        169,
        202,
        163,
        187,
        239,
        18,
        254,
        38,
        253,
        227,
        0,
        169,
        104,
        86,
        204,
        104,
        158,
        252,
        122,
        123,
        51,
        212,
        222,
        43,
        163
      ]
    }
  ],
  [
    {
      "previous_output": "764ea4a36af02edcf385da57056eba8478deb969127fe28b44a469beffba50fa:0",
      "script_sig": "47304402204df659e0ed81ad97bbffa84b812359b7c93602f267cab319e277dacc3cf40ba002203ca4c217f84026ea4d069107a0f80eaef8cec5960b5cdbf633e04fd693e01fae01410458239d4fba74032d3049e2d3d2d874c809a0a06c4ccba21788a272604debf20093dc7e1a9e1435790515cce8ea82a7c0e87df974ab7de4a088febe0835aec4bc",
      "sequence": 4294967295,
      "witness": []
    },
    {
      "Some": [
        214,
        28,
        19,
        23,
        128,
        73,
        198,
        96,
        219,
        43,
        242,
        20,
        246,
        128,
        192,
        153,
        56,
        56,
        207,
        82,
        162,
        230,
        190,
        9,
        47,
        98,
        128,
        19,
        227,
        34,
        231,
        54
      ]
    }
  ],
  [
    {
      "previous_output": "73dc1d12e5d79e5c4bab40ba654833dbeb8ca82b232824ab1f39c0974ef07e7b:0",
      "script_sig": "48304502200d2a6f14a0e22c45ae076305e217fa702e1ef093c32c392d82f59868a70fd01f022100bd88980bc045fcbbaf99e90c5f5ce923c35ae80b246858bf652a053d6a220356014104e0513f1948ded0aed32efa76e73d11533ffa3c14d8ad89dbf84a431ad016bc513f774b4d977605ea73554c44e85914ba398d80e40e22300eb7e630b4d428ce51",
      "sequence": 4294967295,
      "witness": []
    },
    {
      "Some": [
        240,
        78,
        14,
        107,
        117,
        235,
        85,
        44,
        231,
        55,
        40,
        234,
        140,
        89,
        134,
        102,
        29,
        227,
        21,
        237,
        88,
        238,
        120,
        118,
        142,
        159,
        116,
        111,
        122,
        205,
        118,
        145
      ]
    }
  ],
  [
    {
      "previous_output": "49ded926197d9cd674593bb154c7e45084d5120ebb0bb60230e23add12a9a7b4:0",
      "script_sig": "493046022100fcd10ae09eaff9e0a12872578a2e754397bab8e95cf45c4e9bbd2e9976e353a6022100fc0bccc8b1a20849d63c9b88a75acf26eff647283825a8e4f716f507a1c59d9a0141047f8b339e7207bb48d3193f4479d9bf9bda7ecdc8230c7c3115cbdc13fb58840b41517a3a488dcb3e0a32fd644a3625a54f8bc03a532648d65de4d71d3c030a73",
      "sequence": 4294967295,
      "witness": []
    },
    {
      "Some": [
        182,
        58,
        129,
        134,
        31,
        212,
        243,
        254,
        95,
        7,
        136,
        44,
        235,
        131,
        77,
        51,
        83,
        48,
        240,
        103,
        35,
        5,
        43,
        220,
        124,
        209,
        25,
        175,
        75,
        41,
        149,
        146
      ]
    }
  ],
  [
    {
      "previous_output": "79f9501f16669d9d1db87ed1d740771bbe11c3e21291a7d667d206552b55305c:0",
      "script_sig": "483045022100e6a8cbe91daf444c1ec7d7632c1dd1e45033fe9aca4e8daee91632fe4f9f4a99022027d85a6e0279f03d493dd94e9d484d0d09e90a2db8c902f5b3f13b82c79da21c014104901a7dc741bb24c76e3b5c67d9462b5745bae40489623e8e735385d603523018022908cbbe1ad6a83ce19eeafd1266fceb42b77184c4d3108e2ee88a2ef1b867",
      "sequence": 4294967295,
      "witness": []
    },
    {
      "Some": [
        155,
        2,
        102,
        213,
        242,
        125,
        214,
        218,
        11,
        98,
        176,
        227,
        67,
        176,
        164,
        122,
        151,
        99,
        162,
        121,
        69,
        173,
        26,
        255,
        146,
        99,
        144,
        104,
        68,
        215,
        222,
        84
      ]
    }
  ],
  [
    {
      "previous_output": "de7b70d898c49c34dc092c9a61822d1449704207b11b6d636321611e9d7e90da:0",
      "script_sig": "473044022059b8921f112cc6bc6a06b955c0aa99de314118e9392f53ddd83016935016ed2502201c92165132d5dfb823731e3418dd23068514ce6e6d7f9aef2c8471621a9c065301410402b5d14830d3dac4853f47d744397809b2c5dae7fe7ea86cfa5ed6ebe4b29a0ba60222ba0d02b79b24e41cfc8bb1b0471d60d54f3c844325beb6c0bb70970cad",
      "sequence": 4294967295,
      "witness": []
    },
    {
      "Some": [
        160,
        110,
        168,
        147,
        94,
        7,
        136,
        140,
        190,
        3,
        37,
        124,
        81,
        235,
        206,
        246,
        23,
        71,
        79,
        151,
        171,
        2,
        156,
        122,
        188,
        176,
        247,
        144,
        78,
        85,
        147,
        144
      ]
    }
  ],
  [
    {
      "previous_output": "39a5fea8c11ce5338d1af8ff1a25736df98fa4a8077770b08996c024a86ae52d:1",
      "script_sig": "493046022100f3ef951c6ad791f5aee27a77f3f6702150193d411e9fe8b212071f2192eacaa8022100c74b7669e7339002065957cd7e93330a5080d34b92caa329ee1b557b9661dad2014104f04a3d5b331e7bb3ba744407c6fda3aad6c236731db7e4a64f043a7a737908915e5be37935c954fc11f790b67a0e13a4e75ecb22a390e8bb82273ce068e71c49",
      "sequence": 4294967295,
      "witness": []
    },
    {
      "Some": [
        127,
        172,
        79,
        60,
        94,
        249,
        49,
        115,
        142,
        185,
        2,
        173,
        123,
        65,
        81,
        95,
        116,
        206,
        247,
        45,
        152,
        59,
        57,
        198,
        24,
        120,
        87,
        186,
        255,
        136,
        145,
        233
      ]
    }
  ],
  [
    {
      "previous_output": "b25dfeebda7144432ffbbed88ab577b7acacc35f8bb0f137b214fac6ce63f3d2:0",
      "script_sig": "483045022010f0342720fc333897e2a806607ae42e7d5a4357f3965edc55409795c2978a200221008a47911a7c74c959ec5508864ed45afcdeac941df02b5e9d6ac48665b257f2c00141043f3296f6513bc893727c868283bc2b83191d6cdfaebd13102818b3c4c4163e680337d7ff2970323b496835edb0fa9542b27e672095f75bf625a1d88f81d2e1d3",
      "sequence": 4294967295,
      "witness": []
    },
    {
      "Some": [
        54,
        229,
        230,
        86,
        19,
        77,
        169,
        72,
        253,
        205,
        38,
        190,
        48,
        4,
        170,
        87,
        59,
        97,
        221,
        128,
        76,
        27,
        109,
        152,
        134,
        239,
        135,
        114,
        38,
        177,
        17,
        90
      ]
    }
  ],
  [
    {
      "previous_output": "a6a9dffefda08bb7df6eede82a09061eb34deda6bb9132d573d7f75dcb8030a0:1",
      "script_sig": "493046022100e6d6ec90b32659a56f07f57f1d4723cebadd117b25120f1f04dd1b0028fc8b1a022100cf8b54aee3c751b6f98aef07b854844609b803b725184a392f3261d0b27a166001410452075f5c1e75fab286b37cafb30618ef108214b31ae42e4536977a7018d1551921d845ac69b0276236b3a70d64c65127413b8153c760f13bb22331af7671b73e",
      "sequence": 4294967295,
      "witness": []
    },
    {
      "Some": [
        49,
        219,
        23,
        183,
        21,
        63,
        111,
        84,
        114,
        221,
        40,
        179,
        22,
        95,
        28,
        225,
        194,
        78,
        124,
        148,
        31,
        76,
        10,
        88,
        18,
        76,
        229,
        125,
        11,
        14,
        133,
        75
      ]
    }
  ],
  [
    {
      "previous_output": "adee613797b71ed39d5373fce4f525d663c4d9b49de55e22f520bf8076852bb4:0",
      "script_sig": "483045022100b000123fc620945dd089e7a0c7dd7a44f765429d7d883fe86344fae30a1cd10102200b1affba1fe6db307b52ddc6405c896972bd7748d5819aa8b1208296558cd3230141043544ec64a26f183f2c4ec4f33bb4e926354a25e48cd20c6d7917808a1085127a276cf1a2dc47574c1147e897d448bb81da02ddafe3eed05bdef3e90b18041b32",
      "sequence": 4294967295,
      "witness": []
    },
    {
      "Some": [
        231,
        37,
        99,
        220,
        130,
        82,
        100,
        197,
        176,
        79,
        79,
        38,
        51,
        45,
        104,
        95,
        46,
        43,
        1,
        31,
        14,
        143,
        208,
        69,
        246,
        166,
        38,
        203,
        244,
        147,
        20,
        245
      ]
    }
  ],
  [
    {
      "previous_output": "e5939875b57300c7bac4741aabf7eded7829bc447736a524095f3baa2f35f073:0",
      "script_sig": "49304602210095e22c40f46aa74f689f6379b335e0278fa6238504fcc0735d6967ea7847a65c022100843e82abd0e0780bd1b4bdb92da5c5ec46978ed8683296a6719351b81b337031014104402c4137e0ebb950b50cfd89511295479f8834d0edf0d89341515d7dde59b2f88b152d701a89e815705b39d79b6b47104b63bb1ddb4199296bad049fb7a59fad",
      "sequence": 4294967295,
      "witness": []
    },
    {
      "Some": [
        86,
        170,
        21,
        246,
        59,
        74,
        206,
        239,
        49,
        229,
        155,
        6,
        42,
        34,
        243,
        124,
        200,
        87,
        239,
        245,
        154,
        26,
        149,
        33,
        165,
        180,
        250,
        165,
        97,
        109,
        10,
        42
      ]
    }
  ],
  [
    {
      "previous_output": "5903f1d3007a3060d451917525b60cd4c2af757a409f549fa0c7589ea392de1d:0",
      "script_sig": "483045022100b1ae825cc7411821efb471fdf02900952fe8d947fd0c8f4bd9cafaf8c863b718022033b1055cf2227195aa8ac7d8ef93887f0a9869cff07060dc29fbc97cd0cf7d940141045da5f941f7c0a03222f5dfb880de31447aed9b295f50411ee8fc8e4a3e1368adc2b0eeafaa8aac6015534e268c1e41327d433984839c55789146b4d5d50d0e62",
      "sequence": 4294967295,
      "witness": []
    },
    {
      "Some": [
        165,
        236,
        228,
        226,
        101,
        57,
        73,
        117,
        201,
        166,
        111,
        145,
        205,
        86,
        158,
        196,
        70,
        193,
        239,
        233,
        34,
        116,
        155,
        162,
        7,
        255,
        173,
        76,
        182,
        122,
        100,
        234
      ]
    }
  ],
  [
    {
      "previous_output": "1258a8317b10a29d44962d95e596a2526f89127c05a68ead791cf1ebfd59123d:0",
      "script_sig": "4830450221008160362ff6974e7079bcbce1e417786e48cacb9d0742728094eb166ffa38f7cf022022ae4bdf8c6b74b41b00ffef9677228486d95b9520a8dcb67b776b456fffea310141044008ac7ec05761d373dd063391d06c9e700496d7a9808e077b30405ad0c93a9bafe9bbb28a69204fe00ea12237d35409e474860a6d1a5c35d90290c3408b3e7d",
      "sequence": 4294967295,
      "witness": []
    },
    {
      "Some": [
        204,
        146,
        195,
        197,
        137,
        62,
        46,
        142,
        7,
        134,
        160,
        212,
        122,
        175,
        137,
        53,
        120,
        154,
        122,
        190,
        216,
        96,
        173,
        135,
        28,
        68,
        86,
        81,
        48,
        251,
        44,
        68
      ]
    }
  ],
  [
    {
      "previous_output": "4cfd9ccbe3ccc4eaf382f4adb0d786c2cdf4f9c53c9ae449d65780e43c003e3b:0",
      "script_sig": "4930460221009a25386058ca7104b3747c66373b25238c421a9d9bf2cee77e1a96015dff5077022100d5e8e8e886dfa4e8b2e2af96c5f8f8809bbdde6b3d8222b7e6b79468f08ef21a014104940b63231f60800996065d2b4a24af67cf38a90eafe52a2f0e6648b853d1448328519e9a9b27297658dcacde5c1418a9a0e5b586bbca69385c03576230a02add",
      "sequence": 4294967295,
      "witness": []
    },
    {
      "Some": [
        151,
        42,
        105,
        63,
        187,
        89,
        128,
        137,
        45,
        78,
        61,
        45,
        190,
        224,
        187,
        20,
        192,
        213,
        209,
        158,
        153,
        134,
        238,
        236,
        233,
        47,
        194,
        18,
        203,
        189,
        241,
        26
      ]
    }
  ],
  [
    {
      "previous_output": "27ef016ee032fc8ab3b208d4438f801b02022b525c70ecf28fa1ee015039207c:0",
      "script_sig": "493046022100f6f11bd963b92798ac1adcb5f91044a714e13102b848bda2fc2d3e5ebc9943b8022100b76d597dc79b130d1915c9610f736312458a977865e535e164b944d87b84d6e5014104a7ed7f3de20192ba632f5f1f81b9e8b493fd663d359dc92fb4b9ca3f853f961f485b6ea81ba94bd0d5e2fe8fce02cb3a645974ed1a8f0d660941865a09c8e06e",
      "sequence": 4294967295,
      "witness": []
    },
    {
      "Some": [
        6,
        59,
        219,
        105,
        146,
        29,
        136,
        44,
        43,
        89,
        84,
        1,
        72,
        14,
        240,
        188,
        95,
        189,
        45,
        96,
        24,
        103,
        135,
        39,
        81,
        165,
        199,
        217,
        134,
        128,
        125,
        174
      ]
    }
  ],
  [
    {
      "previous_output": "4637ed36f8cdcadc36258c901437bb07ed45ef7a0c7f5841b4c02d9f77e4504a:0",
      "script_sig": "483045022100e8bd77d61b999ef6aa6da1c26743de09e962f32284e2affa6a2c01f539e450a602205ca736af76c994a798c856875a11de65067d7c199190780163aa0bcd6116dbfe0141042b759961ad691926716220a62281bda7e1fe50c0aaa65a9fe7f05bd412c0c1f33cb5399ab4af239e68f92c3a3cb7d0738019553c48908cf0c921ecc8fa23f9ac",
      "sequence": 4294967295,
      "witness": []
    },
    {
      "Some": [
        131,
        151,
        85,
        244,
        162,
        93,
        39,
        218,
        103,
        97,
        177,
        115,
        5,
        233,
        36,
        0,
        219,
        37,
        248,
        133,
        6,
        6,
        1,
        52,
        25,
        232,
        113,
        94,
        12,
        234,
        12,
        38
      ]
    }
  ],
  [
    {
      "previous_output": "20c3bd17e1b3d2089257cd4a551f5a24e8c6838bd8fd77e7e25c6ee2ef7419d6:0",
      "script_sig": "493046022100f22e5beef065ae314e9851496d9176ea22ebb82afa8922b8978b00572deace44022100ae48faa381b0c8a86b39e58561fe390d4ef0f2564c69ad8a78ff4a6e8a5d7702014104e3e69ba10750912c490794a5f7896ddf1a7fb9a552219c581ef3e1cb0e1f0dd8e9655dfee93fc5e194aded1b22e2c1a0efc4ef17cc77b1f9e2d88c391f0fa3ee",
      "sequence": 4294967295,
      "witness": []
    },
    {
      "Some": [
        42,
        11,
        237,
        201,
        177,
        53,
        91,
        252,
        135,
        136,
        247,
        174,
        102,
        250,
        163,
        172,
        71,
        36,
        113,
        11,
        141,
        153,
        68,
        105,
        170,
        67,
        39,
        198,
        148,
        89,
        43,
        32
      ]
    }
  ],
  [
    {
      "previous_output": "8606b98fcb7ac96ff260205eda4b1ef98d73deefc50c688314f6b228fbfa9cd6:0",
      "script_sig": "48304502201ffc1f2e7db09e46334106be76d8e588653e25b61bb7698e98246ee8ab67a1060221008c3abd8a3390a415e9c8d255bc73097b37c890144c88d69341210737ec9fcd5c014104a16b96a7771aa26bcf9d670479f1353ecdc24e646ca4d711ce08b100dde3fc889ebc46fabd11e05a1556e829a8b8c503996efc5a5b02cc181a47af563a17fe31",
      "sequence": 4294967295,
      "witness": []
    },
    {
      "Some": [
        138,
        229,
        89,
        37,
        45,
        210,
        123,
        130,
        128,
        218,
        203,
        134,
        66,
        234,
        199,
        35,
        170,
        77,
        215,
        96,
        14,
        5,
        177,
        117,
        254,
        39,
        121,
        162,
        136,
        224,
        17,
        97
      ]
    }
  ],
  [
    {
      "previous_output": "488b68e88d12d523908fbb809b94350d252241100f94d3c4921c5841313f0eab:0",
      "script_sig": "48304502207ba981aa15467db38abc358a8d345f600fcfba7b81611f0ab78b7558b5328d98022100a21bce593c479467d9ff52120cb4155b44d385d200af741bbcf37542466e4b2001410452ac81d0bbbb8ec8d56ed152ff05796e60af752cf91a216c5d7cd46f3c782a9162e6d079679a7b64621b27935dff7359bb506d88784d98e327bcc2b7296e40d7",
      "sequence": 4294967295,
      "witness": []
    },
    {
      "Some": [
        112,
        27,
        77,
        211,
        197,
        197,
        187,
        189,
        42,
        166,
        242,
        53,
        72,
        230,
        164,
        83,
        23,
        104,
        95,
        40,
        253,
        121,
        83,
        57,
        20,
        128,
        33,
        18,
        89,
        227,
        159,
        173
      ]
    }
  ],
  [
    {
      "previous_output": "8a95edf253d8235a62b453fc75f463cfdb0e5e75b1d06635239444eaccb1c9ee:0",
      "script_sig": "493046022100b067b4ed1503ff809c04fc74ec5fa23f19ef68ee8005c720a4caa7ab0e75dc13022100ab65a62978cca8ed06865503a353f93cf2b179eac06c0bcdb145fe1c291d8987014104af42fb161370bb254922f192ac367cc8744114acf70f162695a634fcf444bf038f23fa7c9c5a403401bd313bd0e15dba63b8dfb48aed1f0c2266f1708deda87b",
      "sequence": 4294967295,
      "witness": []
    },
    {
      "Some": [
        13,
        218,
        173,
        27,
        100,
        78,
        243,
        0,
        82,
        54,
        53,
        200,
        196,
        27,
        29,
        81,
        192,
        206,
        114,
        79,
        199,
        4,
        61,
        20,
        228,
        78,
        0,
        86,
        134,
        112,
        243,
        16
      ]
    }
  ],
  [
    {
      "previous_output": "3f302cf7faffb6f215d09bfb463bf8d56fac4ff4f0e7970b990d87b0bbfcbe17:0",
      "script_sig": "483045022024a5ff859eda54716ba38d066b3ab60ddb67841b6a15cf13bf5a5824b77e0159022100b739c46d886117588419095a10a3b60d109184cc4b2405914645ecafe66ccf8c0141044573b14b453cd7bdbb628cca636dae1b21d285c8cf5a53a92e8ed282b0f166a4b6c6aed454b856dbae1c0596d05c9843747a881a0ebcd740db5efdd8dd94d48d",
      "sequence": 4294967295,
      "witness": []
    },
    {
      "Some": [
        142,
        11,
        117,
        213,
        173,
        108,
        106,
        205,
        30,
        242,
        207,
        59,
        220,
        3,
        86,
        197,
        197,
        67,
        245,
        140,
        140,
        227,
        232,
        172,
        132,
        141,
        1,
        121,
        52,
        138,
        205,
        217
      ]
    }
  ],
  [
    {
      "previous_output": "c25351c8098c5eba23b7042a9af296019c5c4604f52ed575c8ffec306e184549:0",
      "script_sig": "473044022074add0603063158cf6b1268a2403112c0ec44115b7df89c094bdd80a13922463022053db9a7cdd8a9f99860533ac75fedf3d9249fd623964c787edb26825bdf8e0f5014104a026f5b7a69d4bfbb66322b7a4e8a119f7ca0a7b218875b55741b9a8c9ab2c458665ae78d0261531a94090023e33b4bbf8631fcbd30a362548ccfdd28c5a7d55",
      "sequence": 4294967295,
      "witness": []
    },
    {
      "Some": [
        189,
        111,
        30,
        169,
        51,
        124,
        15,
        212,
        172,
        73,
        108,
        228,
        190,
        141,
        46,
        205,
        77,
        42,
        250,
        138,
        58,
        187,
        82,
        75,
        90,
        139,
        186,
        161,
        151,
        176,
        85,
        129
      ]
    }
  ],
  [
    {
      "previous_output": "648584513791ad6ad40f816d2257820becaed9823a2cc030050cc1435c0b35b6:0",
      "script_sig": "48304502210084348513b8fdbed30b7d68a267da5e14392f6b6099ed092f80b7f1b5bc64fa4f022075a448a440ff14bcbe126fecfa7e155691a064d2de9fa57d473cda16d3ceb59f014104e4b37c7c51d1d2d2ff72a774ae67f385520fa2f36c7c57cadc15b4c7dae5b4d9c19ad3866554467e944145ef7f74be41b0a6a743ab952cdc1001793be6a919a7",
      "sequence": 4294967295,
      "witness": []
    },
    {
      "Some": [
        168,
        255,
        157,
        185,
        224,
        156,
        11,
        96,
        65,
        233,
        24,
        247,
        49,
        145,
        84,
        37,
        35,
        206,
        1,
        36,
        216,
        146,
        157,
        242,
        62,
        86,
        140,
        212,
        172,
        124,
        52,
        252
      ]
    }
  ],
  [
    {
      "previous_output": "083c8c6cf80678f2a85194f3842355414e2006b2c2d3730a7ce6abf593263a0b:0",
      "script_sig": "493046022100c91de2a70809b1bdc849cf5d34f7713770c2b135d02b515dd1a22f06167c9749022100c3e16680cafda08c5975be65ff0506ade9c6e855c0d8139c8431e24bf7afe41c014104fc619c7570d9f3e9c982585d9b3392094737134400201186abd2dfd39968186112e2292a6acbbea0ba2f1217f39cba5ee463922b76a7200e6a028b230ff73d11",
      "sequence": 4294967295,
      "witness": []
    },
    {
      "Some": [
        232,
        114,
        227,
        236,
        203,
        110,
        82,
        235,
        184,
        89,
        15,
        88,
        78,
        17,
        59,
        86,
        176,
        47,
        253,
        170,
        70,
        160,
        129,
        40,
        121,
        91,
        87,
        177,
        4,
        131,
        212,
        82
      ]
    }
  ],
  [
    {
      "previous_output": "7e4e6338c92484469f26d256dbdcaf3c3d3e69fb78d2909f517e06111105da05:0",
      "script_sig": "47304402205a750ec855e56178541f189f244611c6c5b96bd463482421250edd2b3de4d2ae02203fbf0497b32a50757571ecf63f2847a22647562c28c6486bddee952e88af469e01410481b4610622c2d8272f43953869738fd2dd53d09dbde497a0f6c5b7e2124aa337722aecdab9a5eab2052929ba1a79bfe15abb8ecec45ed67f9fa162b1312d6176",
      "sequence": 4294967295,
      "witness": []
    },
    {
      "Some": [
        32,
        165,
        18,
        249,
        141,
        83,
        136,
        187,
        40,
        5,
        39,
        9,
        254,
        46,
        1,
        82,
        146,
        134,
        40,
        76,
        202,
        236,
        179,
        56,
        181,
        158,
        78,
        174,
        191,
        238,
        95,
        158
      ]
    }
  ],
  [
    {
      "previous_output": "f781fe48b6b372463305f6f89122506efaffe120a30d675ee077774197c5651f:0",
      "script_sig": "493046022100d22572611fa4c9f708751c620ca4f75ec8904369dd9585190649124b8c9271d5022100ff35546855e8f31224cf44fd29664fc3debd8314f9a67536d2822c6358a4e15101410400f781350cbc10914823273867f46e2355cf6b7188ccc10678dcf6ba3f47050825f66df30e9faf2b698641a7820a7dc80042ec56e1b5e4bfbe18e41edbe08caf",
      "sequence": 4294967295,
      "witness": []
    },
    {
      "Some": [
        57,
        98,
        223,
        28,
        85,
        77,
        110,
        94,
        99,
        101,
        167,
        41,
        233,
        146,
        22,
        158,
        192,
        236,
        209,
        34,
        214,
        220,
        26,
        118,
        161,
        41,
        119,
        88,
        51,
        234,
        186,
        21
      ]
    }
  ],
  [
    {
      "previous_output": "4afa06a3d3f6b205c473be26f000fa2e6a419cf08072fa6c76fc68ab35b99670:0",
      "script_sig": "47304402206806b0cb838b514a9b84d6707656ba4da7f51795bf31b997931d6bbbbd1a628402205200451969ff3730bae065967dbccb3805828896b0810db1341637fbaae92b7a014104cf24f30006641e4156f0197373528169a59af029edc8c47b6eea51ccf06723235189d1489ee01b4bce71d09e717790c4fbb6010ec120474b10c164165c4d978f",
      "sequence": 4294967295,
      "witness": []
    },
    {
      "Some": [
        79,
        21,
        80,
        28,
        114,
        67,
        33,
        29,
        104,
        144,
        65,
        55,
        58,
        2,
        235,
        177,
        216,
        116,
        176,
        104,
        138,
        129,
        63,
        163,
        11,
        104,
        101,
        220,
        0,
        197,
        14,
        57
      ]
    }
  ],
  [
    {
      "previous_output": "7d14aedf1208257f820d56f49bbf8cdcd148e03159f002a004c4b816f2178ce8:0",
      "script_sig": "47304402206971908031570ea8aa917b32aa9725117f25f0e624f3ca316d4d76d4d229054402203a1c5e166b449e6a56d6261c1711a165d99a9d92382395840156c8fe76810a75014104f5eef36cfa5e43f6b5273226f18ce41e542d0a19cd17e559689975936cfa727932661dfbdc4fd34890cb1e489673c929210166dde9128b0bb8f9cc7f9da9b926",
      "sequence": 4294967295,
      "witness": []
    },
    {
      "Some": [
        1,
        35,
        21,
        210,
        232,
        17,
        83,
        223,
        168,
        122,
        163,
        85,
        245,
        81,
        236,
        59,
        5,
        77,
        17,
        220,
        131,
        59,
        48,
        240,
        132,
        56,
        40,
        36,
        108,
        55,
        59,
        187
      ]
    }
  ],
  [
    {
      "previous_output": "d41c1e15a1e7612add305ad054a1b6515bdc8489916f18025bc4f0fca9290dc8:1",
      "script_sig": "48304502203bdab05cc15661343a28a3e30d10f1058fc3ae0117d8fc54005081c575d1c655022100ee03d9155c5004a0f0bb91fb7eec97aca8f95ad6fb1bb33cb87c6eb347970ddb01410452075f5c1e75fab286b37cafb30618ef108214b31ae42e4536977a7018d1551921d845ac69b0276236b3a70d64c65127413b8153c760f13bb22331af7671b73e",
      "sequence": 4294967295,
      "witness": []
    },
    {
      "Some": [
        101,
        253,
        195,
        92,
        28,
        84,
        195,
        36,
        156,
        186,
        101,
        202,
        85,
        31,
        124,
        185,
        61,
        13,
        24,
        161,
        85,
        51,
        160,
        221,
        49,
        47,
        226,
        100,
        90,
        48,
        82,
        137
      ]
    }
  ],
  [
    {
      "previous_output": "05aa92804f431b4918bfc95c3210254743de19ea17a238434e2b0e88ac366836:0",
      "script_sig": "4830450221009eeae82497ab7b49739e208639cc64da70fb0f8de14c77610639cc6589d9c3470220293a8f5af5a3e525326b8088d99f707546581ddad4f49d78093525a11d398e76014104f377633f6166520b4a2a87a4e1492aa8f7d494b373bd06184929448e833c65426994bdff7ff45064bbf6f1e3eb7f59bb51db994de30ee601d77486216ca960d8",
      "sequence": 4294967295,
      "witness": []
    },
    {
      "Some": [
        108,
        236,
        42,
        139,
        195,
        216,
        216,
        48,
        95,
        235,
        226,
        145,
        125,
        195,
        8,
        193,
        209,
        139,
        253,
        134,
        217,
        251,
        124,
        164,
        50,
        124,
        210,
        31,
        255,
        28,
        140,
        37
      ]
    }
  ],
  [
    {
      "previous_output": "4a3e779ea77fbf0f8757b6aceecd2286aef90162a93a1dd1286c900466a41d6b:0",
      "script_sig": "483045022009c1d037caa88836684cfec3481298d4690d0e20ae87abcc717de275b3d63249022100b08fcb46f4ed7011e59f805bae7baf29485abfaa96ecd91693d0ad810565611c014104a5f26b7eb03a0f7575229472d7fa2f1c53b82d526be7f288fa213097c862fdfc039eb5409e246f0fa95cbce8f044f6b5b51f9974f065ce62937ce6b1e8bed819",
      "sequence": 4294967295,
      "witness": []
    },
    {
      "Some": [
        220,
        181,
        75,
        167,
        80,
        214,
        139,
        251,
        17,
        178,
        205,
        151,
        38,
        190,
        79,
        81,
        198,
        148,
        205,
        57,
        81,
        72,
        199,
        131,
        185,
        148,
        205,
        209,
        155,
        222,
        173,
        147
      ]
    }
  ],
  [
    {
      "previous_output": "a0ab969cf09f8ccc857907cb40d09e40efb939249d9fd36296a5db47127b6fa4:0",
      "script_sig": "493046022100dac9fef2c7a5fa01884ef08847d8daecd46b6fe757ff61b127a808f9f01fb761022100feb54e5e3a87d21260c2e3fa326cd4d1d8fe0704d24332beeb6a0bce3b0863a6014104ce0ab6d3f04ccb7f440593996597049ce55d8a588665b96ae27354d73923f4953fe8c37316748e3d0a86b2f4f8ed3f199d0ce14392fc168046cf8ab81b2febf0",
      "sequence": 4294967295,
      "witness": []
    },
    {
      "Some": [
        75,
        249,
        29,
        166,
        251,
        47,
        25,
        173,
        77,
        46,
        109,
        246,
        15,
        133,
        246,
        86,
        1,
        127,
        112,
        219,
        194,
        229,
        67,
        229,
        1,
        110,
        110,
        100,
        105,
        43,
        248,
        129
      ]
    }
  ],
  [
    {
      "previous_output": "dcdf66be7706a9d118467cce9e0625edeb85e37d410998b154575bbb2e08c6f0:0",
      "script_sig": "473044022071fbb7c4c6967735987c5ddb1e5018a406a054504fe030e0053510b42bd3fbc1022038815f5c4a545630720382bed82f138256ba6fc218dddd947f2a755c2940c5e0014104c66a275ab83682ecfa560348cb9445abf633a744dd38a75cddfe13278b708bbbe530e58caec0bef6b0e4dc82c3a5a384e05d6ec3d113465dd2c64734f5ffd01c",
      "sequence": 4294967295,
      "witness": []
    },
    {
      "Some": [
        107,
        37,
        79,
        95,
        93,
        70,
        153,
        79,
        15,
        129,
        214,
        128,
        44,
        143,
        47,
        32,
        154,
        59,
        135,
        144,
        247,
        28,
        149,
        70,
        222,
        187,
        141,
        41,
        20,
        206,
        15,
        6
      ]
    }
  ],
  [
    {
      "previous_output": "fa16c75425f35327db09c8fae84d79d6bd8182dc1a74256c076475c58758e23c:0",
      "script_sig": "493046022100bfd117dc61e1bcfc1028611cc2da012218c83251b460c582cb47f1da003ce22a022100fcf70a2a7aa8c2c9abefd7373ddb570cf63f511a7d0546bd426d1a578310839a014104bbc149a5ea2b03a10efdf051483b4e0bef15ece3ccd488e3edd459bd21be90b87dc1f0003271eba1a4dc08c025e8b0fa3393f095e3317851ecc0e9b9715aac5b",
      "sequence": 4294967295,
      "witness": []
    },
    {
      "Some": [
        104,
        254,
        109,
        154,
        216,
        26,
        158,
        179,
        79,
        114,
        110,
        178,
        140,
        219,
        141,
        27,
        24,
        87,
        122,
        155,
        116,
        121,
        79,
        220,
        223,
        12,
        231,
        171,
        195,
        211,
        139,
        27
      ]
    }
  ],
  [
    {
      "previous_output": "0853c7ae21be15efc8fdc7ed5bd5d1267f837513c5805be380f584071e90bf94:0",
      "script_sig": "473044022056109d3966bfa786c2a5c6e6a23d8a49dfed21ad03fda2856b4b16a6a0c88cdc02204d0b27f6b38f167d873e582a273288d201e581d720d9c8d1b1d9be51760bca5c014104b04d3ad626ca1a9a365a90b900893622e3abc06b1381c2f41ccf9d563481af69ee06c39f57aa4d32a70f505e96e29d4094e01e99ee1309cea8491a94d1936c89",
      "sequence": 4294967295,
      "witness": []
    },
    {
      "Some": [
        212,
        83,
        150,
        252,
        235,
        247,
        127,
        238,
        40,
        10,
        39,
        47,
        8,
        82,
        53,
        142,
        61,
        203,
        49,
        195,
        202,
        140,
        145,
        121,
        48,
        9,
        96,
        161,
        247,
        174,
        116,
        186
      ]
    }
  ],
  [
    {
      "previous_output": "023a36f6a8dbf9314c8eb023c71f3cef64ce95c4e5b10bf38797f4f93c3f3f0f:1",
      "script_sig": "48304502210083f3a6531f7b83fc9c5b392bb18e84d92539ef2068aa40322834ec12100af66102202f8043f6a8b97fb3aa9afe01569c6739fd447faa7601628917e1f9ef303b3e8401410452075f5c1e75fab286b37cafb30618ef108214b31ae42e4536977a7018d1551921d845ac69b0276236b3a70d64c65127413b8153c760f13bb22331af7671b73e",
      "sequence": 4294967295,
      "witness": []
    },
    {
      "Some": [
        173,
        241,
        76,
        54,
        237,
        172,
        180,
        115,
        201,
        254,
        163,
        12,
        142,
        228,
        82,
        68,
        136,
        65,
        237,
        107,
        61,
        15,
        234,
        122,
        102,
        220,
        10,
        126,
        34,
        152,
        41,
        143
      ]
    }
  ],
  [
    {
      "previous_output": "cfe90969b73d420cf6ac2b744d723b6c160a3169ff81732c0728d697f309c190:0",
      "script_sig": "493046022100f6c2a21d248af15dd890daf6d81b4960adfbe1d50f2fe88bde65a6baf6d550dc022100c3575c40f39bd8313bc6d402137bae5b753139ace216278ab156a77661bf73f60141044df5287dd79b9403ca8887c217f24780805c543819faced1546ffeb3c06c5b3367aad6f4b90e3a0e1188b40f11bce1ba0ec2518c521daa09a0be5c7de236a336",
      "sequence": 4294967295,
      "witness": []
    },
    {
      "Some": [
        207,
        59,
        49,
        247,
        153,
        27,
        32,
        72,
        180,
        223,
        171,
        115,
        7,
        215,
        132,
        167,
        177,
        112,
        21,
        92,
        106,
        81,
        160,
        218,
        42,
        185,
        7,
        33,
        223,
        22,
        88,
        217
      ]
    }
  ],
  [
    {
      "previous_output": "c4ca9398797ee9db68327aa6b84ce0b1bce2595ff008272560d20d2f228e9288:0",
      "script_sig": "47304402206cd4ef998338bb1978fc31e3ac4142d4dfa934853ddac47c3dd3831c47d7864402205245d1172234afa7919810801352ea934057ca8aa41e4780fb6c4dc1049c2450014104d4c1e32d9cc9b566653a2a9fbc78873d2cb2ab9f21454d207ca33cca85579edaf7ec6b3e52c41de4cdac2244efbe0d7bab735ebeb77700aa6e4149cd4b52a198",
      "sequence": 4294967295,
      "witness": []
    },
    {
      "Some": [
        152,
        212,
        3,
        222,
        251,
        183,
        81,
        242,
        212,
        194,
        38,
        58,
        186,
        20,
        238,
        74,
        34,
        106,
        155,
        84,
        99,
        123,
        130,
        47,
        84,
        32,
        41,
        12,
        192,
        3,
        223,
        20
      ]
    }
  ],
  [
    {
      "previous_output": "03cf2dc973735239facbd812c61e781cdcd55c5ef7d1087bd15e972d0edecdcf:0",
      "script_sig": "4830450221009b11546f1a7d085913a3a8963ff4fae11911411e7baf81b7f933e45c73d4e64f02201cbb1387b7ecec1d13d7ceff3fdda50bc5bde37fdd104721b8ea6eccc6f9a47301410462b27e16213864ec939fa3a809e35e5881eaf11a16c04aa6e5aea2b8b873b96c007b535bfaf19854f1a87709473bf46b1615f972026dae2d7d600388f586d1c1",
      "sequence": 4294967295,
      "witness": []
    },
    {
      "Some": [
        160,
        147,
        208,
        134,
        134,
        211,
        56,
        78,
        248,
        187,
        132,
        183,
        86,
        46,
        4,
        51,
        172,
        40,
        154,
        127,
        201,
        13,
        200,
        118,
        164,
        221,
        168,
        124,
        188,
        249,
        139,
        130
      ]
    }
  ],
  [
    {
      "previous_output": "f0c604705410af3672f14f91c0c46e8605dc4efdb2ff778ae9cbb8702f12cd42:0",
      "script_sig": "493046022100fe350e8f66731944c16984cd9b214a6ae5c0f068a79853e05ccde626aa3cb304022100b7e58d5bfd063068ce16427c266e5ade32240977188793de10b2570bb8bd8a980141040f906a7e54fbb7abff5c3af09d77323ee34595b50c2eb3e0b5383ed4eeafcdd668d324944ab34b2b641c99f4df2ee76135c5953172dad9dbe2370f2ebf683cbb",
      "sequence": 4294967295,
      "witness": []
    },
    {
      "Some": [
        206,
        126,
        117,
        81,
        47,
        107,
        150,
        58,
        249,
        92,
        227,
        226,
        189,
        70,
        239,
        137,
        245,
        220,
        121,
        94,
        92,
        136,
        147,
        212,
        163,
        4,
        58,
        67,
        46,
        52,
        134,
        214
      ]
    }
  ],
  [
    {
      "previous_output": "b0f161f23d79a6c57f9ff0a698bd99aa5f35a7d559c9defa9546f71fb78ed781:1",
      "script_sig": "483045022100e43ea02e19d3080ad67e52bf7677c1b11696fb3a622d5f150061f40793210e670220264167d4da8e9c2fff9527ba97534b8324df7cad10f4631f6355cdfe735cd1b501410452075f5c1e75fab286b37cafb30618ef108214b31ae42e4536977a7018d1551921d845ac69b0276236b3a70d64c65127413b8153c760f13bb22331af7671b73e",
      "sequence": 4294967295,
      "witness": []
    },
    {
      "Some": [
        207,
        78,
        43,
        185,
        118,
        208,
        49,
        53,
        145,
        255,
        171,
        31,
        11,
        234,
        158,
        26,
        233,
        98,
        252,
        43,
        144,
        70,
        245,
        204,
        226,
        126,
        120,
        11,
        131,
        189,
        106,
        249
      ]
    }
  ],
  [
    {
      "previous_output": "488de5401d2794af89ffff72ee4abf19534df6afda757c30966de8d46bb056a6:0",
      "script_sig": "47304402203fb6de9c37e52684ffb950b1315267cfb174ed3d50c4565e929f102d7cce98d10220418b982150abeb3170ebf448a410ec860ae3ca47b286248970151fde73ac696001410400418dd0f84efd248fc225e208f654bcdafc398d7cd6c100a46600e15c888670164efc55519b4f9e41080426e245285b443f18fe2d7c7887627f5b104ef9ab1e",
      "sequence": 4294967295,
      "witness": []
    },
    {
      "Some": [
        140,
        181,
        200,
        212,
        110,
        50,
        36,
        18,
        46,
        217,
        137,
        162,
        5,
        124,
        221,
        146,
        143,
        103,
        210,
        81,
        18,
        188,
        144,
        200,
        22,
        13,
        20,
        59,
        225,
        161,
        94,
        28
      ]
    }
  ],
  [
    {
      "previous_output": "cf83c05da20071b56052c4040e428ddfbabb09d61126315c44dff998a6eed639:0",
      "script_sig": "493046022100a26c9f7842bfdb00a24137cc9f98fa6437f525776ce96b2fda0f548ff76158b102210085dc68388193ace687d25483501df25d5bc136be65bf80b9c2a671dd034c6bae0141043d3f26e0955da0741cf29f479aed7945b831e7b97b2cfbd190a11306c71895ffb170578a9d828dcb21e49c626f9b912db1e3eb3e1501ea15635d25a4e134f61a",
      "sequence": 4294967295,
      "witness": []
    },
    {
      "Some": [
        46,
        217,
        224,
        130,
        95,
        164,
        69,
        114,
        128,
        103,
        31,
        215,
        130,
        127,
        51,
        228,
        33,
        180,
        54,
        168,
        145,
        218,
        132,
        131,
        135,
        181,
        70,
        31,
        142,
        118,
        83,
        148
      ]
    }
  ],
  [
    {
      "previous_output": "e218655ac387a0aef0ae921fe8de796dec599a421bdae99ea831c68c7cc306bc:0",
      "script_sig": "483045022100c7589b5bf2d9b54fb3cb5a7281eed9ddb6c71a53c3e85c1b8f2fe245276ca1d502200c4ff80f9a9fec2011c4861ce903da013bde2c2f2b44711dd3e4e882f18cd1f0014104474c5c3e73b1a4f5af82d472ba129b3f28f4410f3fca5a4e158ac44f91d74a4719df0338888d1b1b253e26fbb7442a2121c3730f416910b0ca621b129463b32e",
      "sequence": 4294967295,
      "witness": []
    },
    {
      "Some": [
        242,
        231,
        69,
        79,
        77,
        237,
        54,
        153,
        251,
        212,
        199,
        102,
        147,
        232,
        13,
        238,
        109,
        159,
        249,
        80,
        155,
        113,
        32,
        240,
        18,
        208,
        194,
        245,
        95,
        58,
        215,
        39
      ]
    }
  ],
  [
    {
      "previous_output": "c62266d4b2b7cfe2175de34dc152a9e9b2525a1fb7c925a431f04f7409c9e475:0",
      "script_sig": "49304602210082e0aa73b5dda1342314b89ddd613685db03e3373ed36d3ff8a72f8db65a1fd6022100e5fc06161816c04572da00b6b589a34be6fc9d801d5af8ea300bfc3f4efb02f9014104ec2e9417d5fa3cc08c50546ec5640a2c0edb6e062ad98b4e821738cae66fa4ce6390d0e28fe165ac513427599777a6016c4c54fbfcaf68308bc046a0892e9246",
      "sequence": 4294967295,
      "witness": []
    },
    {
      "Some": [
        61,
        194,
        36,
        92,
        78,
        72,
        248,
        199,
        106,
        29,
        0,
        107,
        242,
        9,
        67,
        8,
        222,
        22,
        116,
        70,
        103,
        213,
        147,
        91,
        91,
        148,
        36,
        69,
        5,
        203,
        207,
        238
      ]
    }
  ],
  [
    {
      "previous_output": "b16b405e0d0bcdf900bcd457ac4899d05927989239ffae2ce11388a6d38582e5:0",
      "script_sig": "483045022100eef0503bdbc7df3ae53c633f2787bc0d21cf673b07a4c04cfa83539e48c4635d0220164e0b83df92cd454fc278062ff55fb239df975374964dc8e804225531714cc3014104ef47390ff39b61fa3b8031a704c1d9e41454d2dc3c7e1915d85227c2b4eee947f5f0931fd2f58ac0d7779742ee3266c92a34e36838547f70ddb728068f9f8f23",
      "sequence": 4294967295,
      "witness": []
    },
    {
      "Some": [
        89,
        215,
        168,
        5,
        153,
        43,
        158,
        116,
        52,
        201,
        219,
        6,
        89,
        0,
        40,
        80,
        206,
        42,
        160,
        17,
        180,
        180,
        203,
        233,
        93,
        3,
        10,
        152,
        55,
        52,
        221,
        155
      ]
    }
  ],
  [
    {
      "previous_output": "f12687e42b9278ccd52c6ee9eacca4766dfbb15387d4acbc8b124f55907cd07b:0",
      "script_sig": "4830450220387dff9977490c44b2691b5e9522f65e2d460f17e0c1fe1ca0599a9bf418c98b022100b677e96263e3a7bb6e630a5c5a370fc7c23d893ad4ba65dc8bc851a21b3249ee0141042373ab87cac4839c08da5b86025fde823f497cdd18579e08025aa3d60e97d67e5baa2d73e0c79cef7ddfa040060b8b4f15ee1b60fb554a23f37c9fe0f225d9d5",
      "sequence": 4294967295,
      "witness": []
    },
    {
      "Some": [
        153,
        99,
        197,
        206,
        197,
        67,
        30,
        59,
        126,
        187,
        86,
        233,
        135,
        159,
        70,
        145,
        75,
        134,
        223,
        70,
        123,
        179,
        49,
        151,
        38,
        51,
        152,
        135,
        38,
        169,
        147,
        73
      ]
    }
  ],
  [
    {
      "previous_output": "0fa6e700717fe60da0a891317ecf3d1c6d11c6f300f90e6d06adbd7bbab6a0b7:0",
      "script_sig": "473044022009b1bf48b5391eba31e3df2686872d3ca1e80c602a1baeb26bab52b5ac42919502206f80e6d5b647b6cae85791bba48629438dc9d081bb22efb0fdd3bc5f5214d428014104cedb46f7ebc911c27e01684979fd8ba720dd5b6583cd4e029c771225a914ee3e8f5d97136a6edda4d9237b7435ceb8f537022da77dcd401024ae25f19f978fd9",
      "sequence": 4294967295,
      "witness": []
    },
    {
      "Some": [
        193,
        114,
        44,
        142,
        245,
        124,
        184,
        174,
        8,
        94,
        197,
        54,
        83,
        138,
        118,
        72,
        129,
        201,
        60,
        217,
        165,
        168,
        37,
        3,
        137,
        51,
        209,
        4,
        107,
        221,
        43,
        135
      ]
    }
  ],
  [
    {
      "previous_output": "60eecadc1d07e4a2fa7f8a0e4da480ab7bab325521c93490f5afb7e84aedcfed:0",
      "script_sig": "483045022100fe9840ffcabf0c81fa10e01b3c77ccfaf4a12656b3f3edcb13f02fd56cf2674402202940107f6ce41b7b58c1645813f51549fbb2471cb943c4cfc5fc53249e597107014104a851f1ff1183719d0b7f194831cc3ec978a07a846f7a8ca56d9e9f36477516282945b327ad59ce50b3f61b2ccd2e35207c221402cf0477b016934809821fc0b1",
      "sequence": 4294967295,
      "witness": []
    },
    {
      "Some": [
        182,
        220,
        74,
        148,
        86,
        92,
        11,
        63,
        6,
        132,
        216,
        137,
        24,
        28,
        206,
        141,
        184,
        60,
        46,
        97,
        219,
        187,
        174,
        79,
        208,
        175,
        238,
        143,
        251,
        253,
        51,
        13
      ]
    }
  ],
  [
    {
      "previous_output": "a4515a28cc5cb3351ab1d3464dcf5c55abeb79a2f361c7c674b0e6332ecf840a:0",
      "script_sig": "48304502210083bdd5fee2acf11c848edefdd7eef7d1ebb619bd5f0ce07922905a686aded150022023d96756144b31c23609c0279c8e0978f258c0b8424d1263c36a82101fcc884101410476b62b04a31b900664a6677da5fd2bf7be8d592db98c76f034089b34517b1112addc917c59f47a0fdc112efe29740711961382d92d3fe8f2c15c3f754f1cd8fb",
      "sequence": 4294967295,
      "witness": []
    },
    {
      "Some": [
        223,
        78,
        131,
        156,
        148,
        57,
        8,
        80,
        73,
        176,
        78,
        33,
        203,
        151,
        164,
        22,
        155,
        249,
        193,
        247,
        98,
        254,
        33,
        120,
        0,
        7,
        138,
        83,
        114,
        177,
        222,
        254
      ]
    }
  ],
  [
    {
      "previous_output": "602bcdc711a132d784259935b96e99c36a00f14718d06431257a967bc6b6d02d:0",
      "script_sig": "48304502204bf3520fbdf8a36068a45221d6338c8ed1167610a424cb842c1b650d0df912fb022100b2cfbb30cc8e9e2b8b15283591b0fbadd54106794f4d623c9500d7f1ad5bf933014104e671764a0a48f76488b5038e8539c33f6f352b4450b527bd6918fd4aaac884b8368262934141474e4db98b41356795f26d9e677dc5ed88e8e16378b08b8a75e4",
      "sequence": 4294967295,
      "witness": []
    },
    {
      "Some": [
        146,
        171,
        98,
        110,
        242,
        83,
        179,
        21,
        240,
        24,
        121,
        72,
        67,
        123,
        13,
        239,
        111,
        175,
        25,
        142,
        165,
        72,
        210,
        63,
        180,
        235,
        81,
        192,
        78,
        203,
        110,
        136
      ]
    }
  ],
  [
    {
      "previous_output": "7c7b84f8940faee9d0b4ada1e282a0adb9f7719847ed17bf699c8dd26f35dfa9:0",
      "script_sig": "493046022100d648cef927c70e1f30d33c8e3207979e95b81836bfbf1d984e4057a4ebeb5fc3022100be0f52838bea31642b986a15a99523b40c64a440eb2d0c51ec9110680439cbcc0141047bfdcc0fefdb8a8533d8292955b32c6e9edc0a94df19672f2123d7e1cb217d01ecf8c82b5201ef58b4ada2e7487ba819af16485dbf965182772bb93f5fd21e21",
      "sequence": 4294967295,
      "witness": []
    },
    {
      "Some": [
        253,
        85,
        49,
        210,
        188,
        206,
        142,
        96,
        75,
        123,
        0,
        136,
        112,
        96,
        161,
        192,
        177,
        160,
        156,
        107,
        175,
        107,
        87,
        53,
        100,
        22,
        121,
        239,
        52,
        74,
        118,
        14
      ]
    }
  ],
  [
    {
      "previous_output": "89e33d4cd96d0217c542a619182753466555d6ce549d14e1ae1c4cb2937021e8:0",
      "script_sig": "47304402202c3e5a61b5c48d6c0ac03581594a42502331c6ab03be86806ce9f19ab6427d0302203dd305fefa835cb3b0d7689ddc2a14beecf4d330e1b3f1a9e39a3c5c957de13601410481f6ccc2a8aa71b7a423a84f5212f94f72b5fc1c95ba786f6eecc97bc0f8456cc7b58efd543f9240cc9c7f30ad4219789f29052dab9ef3192caa75e40734f63c",
      "sequence": 4294967295,
      "witness": []
    },
    {
      "Some": [
        22,
        1,
        187,
        63,
        224,
        12,
        65,
        22,
        55,
        138,
        78,
        212,
        234,
        236,
        181,
        193,
        217,
        128,
        133,
        154,
        205,
        140,
        118,
        242,
        34,
        200,
        165,
        28,
        79,
        238,
        232,
        247
      ]
    }
  ],
  [
    {
      "previous_output": "3097a71076024df577240fbe531448a7325a8a991f45d08f320a642c22eb8898:1",
      "script_sig": "483045022100e4f7f521e778b136572a9a0092010c329e87a96b7bd6aaf4853f3f9df596b82202201ad84da35379fde15c1e9b5078ceae5dacf693efd1101348323cddd2c08d327001410452075f5c1e75fab286b37cafb30618ef108214b31ae42e4536977a7018d1551921d845ac69b0276236b3a70d64c65127413b8153c760f13bb22331af7671b73e",
      "sequence": 4294967295,
      "witness": []
    },
    {
      "Some": [
        13,
        57,
        28,
        132,
        18,
        69,
        35,
        27,
        9,
        173,
        246,
        158,
        239,
        32,
        238,
        7,
        187,
        218,
        165,
        230,
        100,
        140,
        239,
        194,
        124,
        44,
        63,
        194,
        83,
        162,
        28,
        109
      ]
    }
  ],
  [
    {
      "previous_output": "27a9ae0b81fd88b0e3420d2a8c20fde9619d3524a5ee0ddcff178ea8c13d9c8b:0",
      "script_sig": "47304402207a0a1bcb91251eaa2a783800db07a0b1edc2e9298f161e89970adeedf99523b502201efccc93c13eae3a2b0015a32d9a18784fffa6f68202e27c6589e9c4ef997fad01410439b3b752d887722da0c0985172a2b31b5385cf7dba66a6027b9cb3b4a957a666ccf181994ab41cb4c4b010255360a41d0df61806fd7208ea5d963846bf58cea1",
      "sequence": 4294967295,
      "witness": []
    },
    {
      "Some": [
        173,
        107,
        152,
        40,
        229,
        56,
        3,
        250,
        47,
        128,
        184,
        27,
        184,
        1,
        158,
        247,
        58,
        25,
        8,
        72,
        219,
        159,
        172,
        12,
        67,
        35,
        63,
        251,
        48,
        89,
        224,
        126
      ]
    }
  ],
  [
    {
      "previous_output": "10e27efffa2dc411a2c68b3a60ce7d07340b8196e190b2ff23729363fc2d9db8:0",
      "script_sig": "4730440220753acea31e5dc653b2689647a0156ccece5f21ace35ca0ba224b65e3427f5f6902207b74c2e3125aacd3a678f5a57a6a5b17978d644dcaf8d236c1113b18463100790141044c46de45c30a500c96770e6a84095fcf73e6b5c4615d272d60681658a4b0beae0eae2ac1305ca9c2c0036981c5f0763b659c7acb78c85b9fb81060da9765de0a",
      "sequence": 4294967295,
      "witness": []
    },
    {
      "Some": [
        249,
        180,
        152,
        46,
        98,
        84,
        110,
        7,
        86,
        13,
        24,
        112,
        94,
        101,
        192,
        234,
        42,
        161,
        134,
        217,
        162,
        29,
        186,
        5,
        163,
        152,
        60,
        101,
        94,
        18,
        50,
        155
      ]
    }
  ],
  [
    {
      "previous_output": "4b19ef401c7719101d0df3b55cbfed376ddee239218266bfb4fe1075994a2263:0",
      "script_sig": "48304502206e8f4786a55c2b2c6e41af71157ad1bb5924e1dfe3121b37eca1259e9809b159022100f1a92176bacc4447ce03c1a27a1fedbfcdf119ae450e3b4352b783748c451c420141043abf97f526f328d78efc4c514c259221bae8f528c369769bbc2ed75924150e1ed130d8568c8d34ab57589b0393a37ff44191998dd7244846fc17f0b22d3b5542",
      "sequence": 4294967295,
      "witness": []
    },
    {
      "Some": [
        29,
        255,
        174,
        123,
        151,
        57,
        233,
        178,
        208,
        136,
        199,
        202,
        222,
        250,
        253,
        29,
        142,
        8,
        167,
        102,
        73,
        36,
        14,
        61,
        207,
        25,
        140,
        4,
        244,
        137,
        88,
        224
      ]
    }
  ],
  [
    {
      "previous_output": "fcb2861c58fdb2528829127b4e546931a170d92b780d2890965ffc8da5b01b6d:0",
      "script_sig": "493046022100b3f96e439e03c1674594a5fd4454d8a33270b6bcb461b416d251b52618777648022100ed2c6f40cbab2815f480db31ae5c54ffa790f4a30a5ea32b533cf450ff5c62b901410447b2f962c6093f625e6c41f7506aaa5238bec5c849d1afa9de9c1f9721fd3452c697388bd6eacfc8e6486dc0938fd28e688349439621f5030cf42908d9a75349",
      "sequence": 4294967295,
      "witness": []
    },
    {
      "Some": [
        32,
        200,
        16,
        49,
        142,
        70,
        228,
        60,
        70,
        221,
        251,
        216,
        19,
        48,
        144,
        255,
        41,
        20,
        128,
        8,
        205,
        162,
        237,
        246,
        67,
        208,
        23,
        151,
        117,
        244,
        47,
        231
      ]
    }
  ],
  [
    {
      "previous_output": "6014d1ee6e6a7193a3855079b0e1c2d708bec8ffa71581587cb16ce66f95854d:0",
      "script_sig": "4830450220491dbefba7375c2f92abeace0c6ea0b0dc818e5930d65840b26adba18bc263d3022100e7130dcfa1d1cbfd6320f657a16841a563eb1db6fdc1f8a95f5e1a4a008a51190141045c8c65c2b37103af6c7f04238b172d48b0285951e075cf8dda6b9fa023e9d44cfda144757a0e8c84031505baac32d384e24f749b1fcb6c25cd99a066b42eef1d",
      "sequence": 4294967295,
      "witness": []
    },
    {
      "Some": [
        213,
        130,
        48,
        144,
        202,
        158,
        80,
        250,
        22,
        134,
        248,
        40,
        70,
        23,
        13,
        200,
        53,
        192,
        90,
        43,
        69,
        184,
        52,
        223,
        114,
        236,
        203,
        124,
        244,
        36,
        144,
        209
      ]
    }
  ],
  [
    {
      "previous_output": "96bf6da38ad739d6d39cac55ad0cc03d376bc04baff2549bb41da6ac0d81face:0",
      "script_sig": "483045022100e46efef8ddec6afd05b2a0d6b4354a75ac9e635c0d92f42de9c406275a6358dc022006c026714aa4d8532b1ae4dd47700222a15ffa6d95ea304041e67350ab9394f7014104ffe52f9fa296d080e5cd7f870a4a928240df2c3940d28dbe9ed4858a7084f406066223dd157c4b03c923816ccc1c5ed199f5c2c96b224fe08a0b3af2624e22f5",
      "sequence": 4294967295,
      "witness": []
    },
    {
      "Some": [
        225,
        222,
        168,
        194,
        70,
        94,
        76,
        30,
        54,
        84,
        100,
        252,
        120,
        250,
        57,
        254,
        187,
        57,
        227,
        254,
        169,
        5,
        238,
        77,
        156,
        16,
        178,
        90,
        2,
        142,
        45,
        95
      ]
    }
  ],
  [
    {
      "previous_output": "1b50c180c4ac1e9c762e5e59fba5fdda008ff1efb7e880506284a2003006c522:0",
      "script_sig": "473044022072624ce6d21d12854093246b2a3f18dedf365c58f9d4b8a5c04f2ce95f80d4d0022052c1e51fbd3a3ecfb85824e018f32db7c93314fd75e38e792620aca43c20587101410459ec4763d7766b9915412b83b7ccb5b35c4ad2b6493d309f829d5db03c3e5994c9af766719bd193d911e1d000e9e08b4d3740b9babd6db5fc2c03e8267173283",
      "sequence": 4294967295,
      "witness": []
    },
    {
      "Some": [
        202,
        236,
        170,
        99,
        255,
        78,
        174,
        72,
        153,
        94,
        136,
        117,
        221,
        56,
        178,
        197,
        24,
        61,
        129,
        34,
        160,
        21,
        114,
        239,
        18,
        110,
        69,
        47,
        106,
        225,
        108,
        206
      ]
    }
  ],
  [
    {
      "previous_output": "b0ac4ae8c54128304eaaf6493590b87eb9a82f6631d181b98eb8ccd1ee556b06:1",
      "script_sig": "47304402203126880bd63b566b7653490ac089159b412e9464e6649c1d72c9a1184461358202206c9c6a0607c9e7ed93a2dac2bf0fabcd21db0cf35a6b0f5e47765cbb10ffe4e501410452075f5c1e75fab286b37cafb30618ef108214b31ae42e4536977a7018d1551921d845ac69b0276236b3a70d64c65127413b8153c760f13bb22331af7671b73e",
      "sequence": 4294967295,
      "witness": []
    },
    {
      "Some": [
        172,
        237,
        142,
        50,
        161,
        11,
        139,
        53,
        95,
        8,
        75,
        147,
        84,
        232,
        114,
        150,
        191,
        40,
        167,
        220,
        21,
        93,
        231,
        183,
        196,
        228,
        87,
        229,
        51,
        174,
        35,
        201
      ]
    }
  ],
  [
    {
      "previous_output": "57eb8a5b1d150517eb17d7c7eaacc775041ac8df23850a8f31d9e943984c2161:1",
      "script_sig": "483045022100babeb37b693ffccb0ff94e84b5bb6a296fa7da47af10de6f731b909ef4c7bd0c02202192247b9b197391f40f7fe7d989c64a8dcb3d12263211b23faef16b8707c87c01410452075f5c1e75fab286b37cafb30618ef108214b31ae42e4536977a7018d1551921d845ac69b0276236b3a70d64c65127413b8153c760f13bb22331af7671b73e",
      "sequence": 4294967295,
      "witness": []
    },
    {
      "Some": [
        70,
        206,
        72,
        27,
        32,
        41,
        70,
        160,
        36,
        50,
        44,
        6,
        72,
        246,
        252,
        170,
        180,
        250,
        5,
        204,
        123,
        116,
        170,
        124,
        53,
        166,
        112,
        162,
        82,
        139,
        210,
        40
      ]
    }
  ],
  [
    {
      "previous_output": "cae50c4c47fbb8cdb492d85c7b847699be5251205a0c2ecf55013b5775b1a226:1",
      "script_sig": "4930460221009f3f42b78f49fdbacdb4b40be865b09b98389da98bfc364dc78f853996a3af8c0221009bfa12b0f34d0929166d5345c85cc011f8208682a1f5e8e3a17d09ff9b370096014104e487aaafb3150222afb20d8bdf84512e8659185cd328a31cb5467fb64aa6b6b2fe18a216365d216f58cc505ded22c381de37055b6d162d83d6549d9ea3400124",
      "sequence": 4294967295,
      "witness": []
    },
    {
      "Some": [
        246,
        114,
        128,
        191,
        128,
        219,
        130,
        16,
        137,
        133,
        60,
        190,
        66,
        69,
        11,
        87,
        97,
        144,
        94,
        179,
        15,
        114,
        45,
        220,
        32,
        173,
        9,
        39,
        149,
        5,
        146,
        196
      ]
    }
  ],
  [
    {
      "previous_output": "c0356352744588cebd6ec79435d76fb36a7c0b3793cc5583fe3cf77c249745f7:0",
      "script_sig": "4830450221008c3fb84d34ecb6df98fc6de6b360a54ae315efdbfc0a513ee2ccd53fd5b89b100220060eb0ad5916d5779459bde77a6c93cfc8460c27aec81b05c589d429eb952d1e014104066e66ba5f1759e497e67493a74d3b04c94cd085b4c2c09e01f0eb93060c31f316b47324ed6ce63232e11ddb929499472f7309872fe07c4605ec752340bd72a2",
      "sequence": 4294967295,
      "witness": []
    },
    {
      "Some": [
        9,
        182,
        245,
        160,
        217,
        224,
        131,
        64,
        225,
        223,
        40,
        54,
        60,
        215,
        109,
        0,
        119,
        81,
        190,
        150,
        223,
        66,
        233,
        54,
        88,
        93,
        108,
        55,
        131,
        218,
        195,
        30
      ]
    }
  ],
  [
    {
      "previous_output": "be24c5bb55b5dbba838eae4f43fdfeec9e5cd6091b8c53fde37f61d79ce89bdf:0",
      "script_sig": "483045022100d1b52eb8005dc653203139646c26803c267213b03e5f0a89f82ab98317b2300602201eaa1278ac0896394790f9918d435dca31e3c2edb80590318d62b60c81a889630141043e38c4e3dd708f34f8bb728fdb6760414e0543529b9f0147ab86840f2d879749760aa874a8a4f3b69feb7f308b7575cf4c59b225e4362d6a14952222d978d8dc",
      "sequence": 4294967295,
      "witness": []
    },
    {
      "Some": [
        13,
        41,
        241,
        121,
        216,
        59,
        199,
        61,
        130,
        12,
        8,
        112,
        151,
        92,
        187,
        240,
        244,
        185,
        25,
        38,
        24,
        31,
        101,
        57,
        134,
        221,
        224,
        45,
        174,
        213,
        56,
        36
      ]
    }
  ],
  [
    {
      "previous_output": "d5897f0beaf5b2c94fe3c434f6f239ad0a85acbb0bd037994ee4f11dcaf575e8:0",
      "script_sig": "48304502204b10248787516dda96a55105b81c13662e41d325f4642ffba2d4ea648d2dde8f022100cb19e085c145044ffca6db9e08432667344993879cf7ccea25c296c98328f0cf014104fe6048df8841c57305966c991acd40f93fdb95637b02c15baa5dfb09904958953f67655c65d9c9095ec4a6f382f074cc643aa405132cea5552ea7449cc8b1ab1",
      "sequence": 4294967295,
      "witness": []
    },
    {
      "Some": [
        161,
        124,
        197,
        110,
        46,
        100,
        86,
        249,
        118,
        228,
        64,
        78,
        148,
        37,
        224,
        23,
        104,
        100,
        6,
        3,
        7,
        44,
        176,
        98,
        41,
        231,
        255,
        45,
        47,
        65,
        194,
        255
      ]
    }
  ],
  [
    {
      "previous_output": "938329841f0c77dbd726bb5b941a6850a7448074cd7353698c2f9dc33c44084d:0",
      "script_sig": "483045022100f41550bbcda65edd39e8c2c597d087166db318d2bb74ea136b4c527187ee475f02202ad390c199be94514f61337d4f2002786947aa46726fa362c24e96db4e050c18014104ec47f015609412a340436cc096938b712db21c8e169a565750d16a0f93ec13038f53a937e78cbffc5e50bc27722daf9f300e0bad542ad7dcd756509c018f9464",
      "sequence": 4294967295,
      "witness": []
    },
    {
      "Some": [
        243,
        245,
        43,
        50,
        126,
        97,
        52,
        106,
        253,
        28,
        74,
        135,
        117,
        248,
        104,
        135,
        14,
        144,
        63,
        251,
        129,
        127,
        234,
        175,
        42,
        18,
        237,
        171,
        71,
        157,
        59,
        121
      ]
    }
  ],
  [
    {
      "previous_output": "d3a19bb76ee502784e4618fc5a92dfa0fb4378e0bf2db2906bb12e265ec1d7f4:0",
      "script_sig": "47304402203919f13a0d3233d500da661a1d4279478bce8f797cf798a254ebba4edd080fed02205cf656b7ef651a28d08803f8aec6963552471bbfd92e9eb8aad6695bef6d66950141046b0ed566f59f324e6dd8291b518285fcb4fdf28b7092c3f9f5666d6b555b9a89d9fab4ec57e1a52fd7a0eccdd9446fce40b85b4a2b7956609c9d9a998ec77509",
      "sequence": 4294967295,
      "witness": []
    },
    {
      "Some": [
        74,
        247,
        216,
        190,
        211,
        66,
        89,
        5,
        163,
        72,
        10,
        84,
        147,
        203,
        58,
        159,
        40,
        24,
        11,
        69,
        136,
        1,
        66,
        147,
        23,
        158,
        178,
        191,
        123,
        229,
        113,
        163
      ]
    }
  ],
  [
    {
      "previous_output": "c1af8eae4e118dad12824ca324fcb08d7426c123a09940a3b77232480b3f25a7:0",
      "script_sig": "4730440220118c13092426bc327545755af164989a2536375a82da9d4e3cac171caf8869ef0220642971d5464cd17073b7fd7dbd2c780a80cd169d6bbd42688c67f5433de61f430141042aba8f59cd9c93f7ae1379df94f2dc2b20c594d01a8eb30b8f1a8daf1d256867d4338ef67caf02b551b4ade66f5dd6674e7cfbbfbdf512d6ae231f32a96e8761",
      "sequence": 4294967295,
      "witness": []
    },
    {
      "Some": [
        8,
        230,
        128,
        91,
        65,
        174,
        241,
        31,
        48,
        138,
        251,
        131,
        183,
        39,
        246,
        198,
        96,
        29,
        95,
        118,
        150,
        73,
        220,
        159,
        109,
        112,
        104,
        186,
        137,
        16,
        143,
        242
      ]
    }
  ],
  [
    {
      "previous_output": "ecf116e79b0c1c497db0d1d1a8a374073a326e711d1f566242a584a4a42e921a:0",
      "script_sig": "47304402202420567366bc381f22f452612cf57880019d5f2c480c78c0a4772c32706abd8b022079f81af93cf40430dc2ee409682a25aa86fdabbce74e88933e9d0f4144d4d2d3014104b7671952a80e147ebce354b06186dcc8897d01677b50861916d297b8207a5a25d1097bdab16ab1db235503ea6a97f9e153341bd943a1b526c408e7b6585f940e",
      "sequence": 4294967295,
      "witness": []
    },
    {
      "Some": [
        168,
        19,
        83,
        231,
        134,
        109,
        127,
        251,
        102,
        156,
        11,
        238,
        226,
        122,
        212,
        57,
        201,
        2,
        84,
        183,
        142,
        161,
        64,
        140,
        13,
        134,
        83,
        207,
        139,
        178,
        244,
        190
      ]
    }
  ],
  [
    {
      "previous_output": "9e343128e1cc0d8ab01176c5aa71039a12a3c951bfb7d7dc291b4607b91f4185:0",
      "script_sig": "473044022014bdc04ee71654c712cb4aeb45c074ae2af01bcda3922f62da6614be964d2dcf0220118d1b04c6b352434f2ce83fd1709c81bf0adcbbff7a5d610e9daa6a691495bb014104863164c7a4cb09bf588c5a47bd8ef7ecff5bef5715a0b2cf5c7ba8d8301b7479c3a9a3f31ae41bfc5d35482bdc8a4e4d6c6f1fb6023c1d30da25dc1711340dec",
      "sequence": 4294967295,
      "witness": []
    },
    {
      "Some": [
        215,
        166,
        16,
        25,
        124,
        206,
        2,
        90,
        195,
        60,
        214,
        213,
        217,
        154,
        205,
        218,
        218,
        218,
        144,
        72,
        115,
        98,
        52,
        114,
        36,
        75,
        104,
        34,
        93,
        117,
        175,
        103
      ]
    }
  ],
  [
    {
      "previous_output": "53d99a1fad41af0337ceb0e148df1bcdb52721343286262e93f8c241577343a0:0",
      "script_sig": "493046022100ec87d8bb03bccc46ab29cbc5a183265680caab81232ae9997c8b62ab7168b754022100e1fc6f0294f87956a84c4cc5a1f098ecf64d4dd05385a7e9f746176d64f764d0014104be564749914cc46a4a6c3cd48a68529b7d48380a3494d97595702a9d486c924e2ecb739dd6093dded1865c3f15eac531be4f8afa7f9248689604603165d38d2c",
      "sequence": 4294967295,
      "witness": []
    },
    {
      "Some": [
        128,
        133,
        223,
        49,
        31,
        192,
        13,
        98,
        5,
        128,
        173,
        149,
        104,
        216,
        222,
        19,
        33,
        92,
        67,
        232,
        252,
        205,
        102,
        255,
        224,
        168,
        74,
        159,
        164,
        126,
        36,
        160
      ]
    }
  ],
  [
    {
      "previous_output": "7cd38860ee9193ca88441d42dd6f02fb7be609dda1372e65c99233e25acbfa54:0",
      "script_sig": "483045022100dcbd6b2d66ff4bae4c82405365f443cf8b3fdfb692280cc6261442e9ff6ca371022028be1ecd7454a0d2163af1abc9538be28082fc325bbc452dd291f797fbe0b180014104d925b5ff18d6d2a66c1807864e436b91e1c0efa791bd6381b7c0fafc13ca0d710e57e2cfccb9d5c948ba33ef98e31f3ca410951b7e6509908062b7c67a796725",
      "sequence": 4294967295,
      "witness": []
    },
    {
      "Some": [
        206,
        118,
        168,
        186,
        76,
        61,
        190,
        12,
        137,
        6,
        159,
        87,
        169,
        41,
        16,
        223,
        217,
        88,
        23,
        227,
        58,
        80,
        4,
        206,
        84,
        137,
        219,
        78,
        138,
        91,
        234,
        100
      ]
    }
  ],
  [
    {
      "previous_output": "6bacbf6b2edbf9e9c41df31ccd55052f12e4684e56ee603a0c8ab1b8fc90896e:0",
      "script_sig": "483045022069893ccb1b6a7bea32d989825fd632c6319355b7b886ae2de95c557b4b9d71d7022100e547f48ad7d4ece0bcd0ca146b52cd4ecf3731bfabb31dff0ac6f1c1c45b4dc5014104d69d82f8d0cefc05d5263bed2906da6d6afa1c739986474473cef0c57b11a2a7fbace28fb72171956598bd1ed6e319900f546ca5515dc7fe300e2df26960892c",
      "sequence": 4294967295,
      "witness": []
    },
    {
      "Some": [
        103,
        234,
        244,
        219,
        130,
        126,
        24,
        217,
        136,
        163,
        167,
        247,
        251,
        187,
        9,
        94,
        179,
        67,
        9,
        209,
        253,
        64,
        12,
        158,
        134,
        111,
        120,
        53,
        235,
        146,
        134,
        164
      ]
    }
  ],
  [
    {
      "previous_output": "552bf5de157c0d91c44e529fa9c7c134c0db4fa69b854e49c7caf949d9a4c446:0",
      "script_sig": "483045022031469c7280f03882d11a54530521f9ff82c5aae7946dbd4acf42f5e561948a6e022100eb6ad1f2583cf76bdf6fb9bc540446036195f4d12026faf1c096ee89d0001b16014104fdefd92af027177f1b41b0c4c5c3637aa42f3deed6823518652e629e94bb72923216455ae8826273b73f8199d4f2d160870f95aede10e0d3485470d5d91dc1fa",
      "sequence": 4294967295,
      "witness": []
    },
    {
      "Some": [
        180,
        251,
        76,
        242,
        255,
        123,
        30,
        36,
        75,
        208,
        199,
        217,
        229,
        50,
        79,
        35,
        120,
        247,
        100,
        61,
        210,
        108,
        64,
        89,
        12,
        63,
        255,
        114,
        236,
        85,
        104,
        224
      ]
    }
  ],
  [
    {
      "previous_output": "f5bc77a27f56643eeb1c9fa99d695a139c7c602d465e74244e2de6e3e1f5bf23:1",
      "script_sig": "4830450220793efd8d75ae8b50c2f94f356c9b5c0ad14f5e9462122f6203bb0a4f1e29e60a022100fd9dbc96d5dc82479704623c31050ae6fc1591bd852c39f11010c0f4781cfbf001410452075f5c1e75fab286b37cafb30618ef108214b31ae42e4536977a7018d1551921d845ac69b0276236b3a70d64c65127413b8153c760f13bb22331af7671b73e",
      "sequence": 4294967295,
      "witness": []
    },
    {
      "Some": [
        193,
        29,
        138,
        59,
        174,
        125,
        78,
        16,
        190,
        16,
        113,
        114,
        29,
        163,
        201,
        190,
        234,
        132,
        127,
        252,
        83,
        132,
        67,
        137,
        189,
        95,
        31,
        26,
        167,
        157,
        33,
        149
      ]
    }
  ],
  [
    {
      "previous_output": "d2f4ea3cb5c04a5f7eb0e7439218561ce064b70e0e65a240538e5189820fee94:0",
      "script_sig": "4930460221008b1390abfc725b24eea05a2e533729841dc69c6519a24625eb6a04a624639474022100badad612ed67f569090553059a9acc9d869a72835696f3f0b72c4d0903d9ba1b014104d05dda3690ca8e889879bfe002ce495147af3cde81fc2a63fc0ba8a01755085c76bf770be0aa069bf67efe4b48359bbfe3c0f9acec69782f08a41a9bfc112c74",
      "sequence": 4294967295,
      "witness": []
    },
    {
      "Some": [
        154,
        94,
        163,
        177,
        13,
        170,
        112,
        208,
        165,
        195,
        71,
        215,
        192,
        69,
        51,
        48,
        81,
        220,
        244,
        252,
        154,
        115,
        128,
        79,
        89,
        107,
        178,
        88,
        51,
        151,
        132,
        253
      ]
    }
  ],
  [
    {
      "previous_output": "b96ceca91fb318d416708470d5afe477ccc2985d55a7e06e4e2bba814ad2470f:0",
      "script_sig": "493046022100ab7e71d0f79b5619780abefd7c150b69df2eeae0812378097a08286142dbe0f902210083e6178f6d0bbe87295635b30b081776e8db8e5243396848736bf248d67baaee014104b3e7aae80c56f02b59e40512ad09a1380a5938e70f2f01b6f652d9455add115a5fabdf19a6b55da25a704ce698720ac8890e1d6d5d319e6d262b3861f012a172",
      "sequence": 4294967295,
      "witness": []
    },
    {
      "Some": [
        11,
        147,
        131,
        186,
        117,
        30,
        89,
        84,
        87,
        195,
        63,
        84,
        228,
        66,
        81,
        47,
        77,
        71,
        70,
        195,
        94,
        24,
        253,
        143,
        116,
        201,
        23,
        37,
        59,
        53,
        72,
        189
      ]
    }
  ],
  [
    {
      "previous_output": "07e9cda18fde439ca9233022a58ba3ee93ce14fffaac1c06a8256d46eb1ea167:0",
      "script_sig": "483045022100f191001948b8de39886e0a30225fba571a90c1fde1156a64386733a77b3a922902202d141a0c74764ccbebe13bab1474da78c70a7379ee6e95bd7150cc707095e1740141042a75831ddb7c1de4d64f9b6237615c07b8a514252e8f52295a94629a4511afaf9ee2027ccd1bb725053add4b24a358e1840ea33ebbdae361af21714bc82239e2",
      "sequence": 4294967295,
      "witness": []
    },
    {
      "Some": [
        61,
        142,
        97,
        142,
        147,
        40,
        114,
        7,
        168,
        34,
        139,
        20,
        82,
        103,
        71,
        32,
        43,
        61,
        157,
        152,
        221,
        237,
        9,
        219,
        73,
        15,
        247,
        127,
        252,
        6,
        65,
        126
      ]
    }
  ],
  [
    {
      "previous_output": "e7d1889fd4ba4b44f7fa3c076d80b038b41b27b1c4fc3335f26de4ac276c150a:0",
      "script_sig": "4830450221008a407d3df13d1e43ea0a76f3855cb9a8710c89f4f137394ba473ca85f663f32602203e60d8b968feaadaa047e9ccb177d8ea0a9e7b2ddef4a19a1a5745117cd99435014104fda0fb76bad2705467d9c5a7150b4632c34e4d3a72558afc163e8f970ad1a54248d8f3e6b02c84474e06bff97dcfdc29e21af3536e3d5a1458c830466d593a37",
      "sequence": 4294967295,
      "witness": []
    },
    {
      "Some": [
        154,
        150,
        46,
        185,
        48,
        255,
        180,
        195,
        48,
        145,
        168,
        205,
        129,
        217,
        244,
        193,
        153,
        171,
        30,
        174,
        198,
        76,
        11,
        170,
        36,
        223,
        127,
        73,
        169,
        238,
        32,
        36
      ]
    }
  ],
  [
    {
      "previous_output": "88c2434027eb77fa968a8684d90c6bf08298cb29279d4cc940c27c64cf3c1657:0",
      "script_sig": "493046022100f79939035fec7941981fad578f0cece6bb70ccb2c040f8fee7965e92a5bf4d4f022100c2e0a85e18662c854cd6dbafb836d04e62d91ee06ae621f239cf10dbfdbfabfe014104e687f324ea290fcb5da14d1efe3ca079436cbe46e0ffe186e88159bb531a26aa6b1c336cc7516fef1f9653872db88b4d5f2d5db4242cfbbd5706adf461b44c49",
      "sequence": 4294967295,
      "witness": []
    },
    {
      "Some": [
        49,
        205,
        126,
        170,
        121,
        204,
        31,
        220,
        35,
        201,
        112,
        79,
        130,
        158,
        21,
        226,
        180,
        115,
        180,
        189,
        108,
        46,
        247,
        106,
        241,
        67,
        55,
        72,
        150,
        174,
        171,
        210
      ]
    }
  ],
  [
    {
      "previous_output": "6d74583a29cf74bd098807b7332628db1bbeef3f31c66fdb4b93a3b9e9434eb4:0",
      "script_sig": "473044022000967b8b96e68cd16d8d7ad314ff5d87241915eec69c90d500e0cd172a82016b022021f84f1e1048eac418f7831e49f1289f49c275feaec34177b01f74108a68a5b5014104af49c184a631ac96d37fd8895a36942a7a29cb65ff916ef0541948ee8e42d9dd55751e56d394be593b0890dee44c8f2d8b6f231b1da6c5d73b7fd4b567de324c",
      "sequence": 4294967295,
      "witness": []
    },
    {
      "Some": [
        154,
        42,
        30,
        243,
        77,
        250,
        196,
        77,
        248,
        104,
        186,
        2,
        46,
        168,
        25,
        23,
        111,
        174,
        175,
        231,
        168,
        197,
        20,
        118,
        34,
        129,
        77,
        66,
        92,
        61,
        171,
        161
      ]
    }
  ],
  [
    {
      "previous_output": "f27fc1e7c05db04751c957f2188248bd127c382fb2331c76520804b0ef0f6d41:0",
      "script_sig": "483045022100cd56d97291cbed0e5ddc4a18e5e22d70b604ccfc60b4785d429e0c71e06c3659022074470ff9d49a99b7ca948c86223f464698fb0703940021488c05bab5c8c390830141049f6375a9c56f7419e67dc72b91d53255d943bef9a60b7406fbb9f2d377766d8aa5295646733cf73f0a99e99b5421880df1e108aeb01a8fda85d66aff541f8b91",
      "sequence": 4294967295,
      "witness": []
    },
    {
      "Some": [
        196,
        31,
        181,
        22,
        82,
        89,
        166,
        247,
        205,
        176,
        138,
        249,
        79,
        0,
        61,
        95,
        164,
        190,
        250,
        100,
        148,
        13,
        249,
        68,
        31,
        88,
        108,
        60,
        53,
        50,
        57,
        80
      ]
    }
  ],
  [
    {
      "previous_output": "8ab40cea5a2843c637d7d8be2f028026c410c8c789aad0bf87a281caccb4a587:0",
      "script_sig": "473044022031d8e2005830055e89c5c3ab92ccbd64e8266597f775912e49f8f9d829ae118302205598ba7f85a69226e3077a675cc3546be018c3f5404c734fed7b0090aa1c9c32014104f254dab0d3b75876c5552bbad5ad0725c6d3ba2b0dfc2ab47a44205600bac6541b7f4742c1ac1410b4f0d9630a28011c78cf73377ec6a70ded1d3866bf302acc",
      "sequence": 4294967295,
      "witness": []
    },
    {
      "Some": [
        107,
        121,
        26,
        210,
        5,
        109,
        235,
        182,
        63,
        176,
        221,
        169,
        26,
        237,
        41,
        125,
        182,
        87,
        17,
        173,
        85,
        40,
        154,
        130,
        209,
        90,
        213,
        250,
        169,
        162,
        171,
        158
      ]
    }
  ],
  [
    {
      "previous_output": "64b22e4e33635a3b957049670ac7c79b0a1a19a53f51e9759f50264d681031da:0",
      "script_sig": "483045022100afdefd4eff60bc42b05a970e62a5ca03e238fbd9d8e77d1a29ae87804466318502202fc645ca0a8e059ef227e45aa9f58963c5ce952ae0081cbc9e592f980c9e67360141041bca0f15a07c38b90199bc400fc75f95cb8bc7b446186e1bba2ec17c3d13c348e3b8665bebca32a8066d7005b1dfa7299dcb9e72f6cc4fbab69621ad283f4fa6",
      "sequence": 4294967295,
      "witness": []
    },
    {
      "Some": [
        56,
        117,
        98,
        197,
        50,
        123,
        85,
        248,
        157,
        230,
        243,
        118,
        131,
        107,
        56,
        46,
        121,
        206,
        108,
        218,
        208,
        189,
        120,
        157,
        116,
        223,
        175,
        220,
        231,
        138,
        58,
        65
      ]
    }
  ],
  [
    {
      "previous_output": "8f043a41105842080250800c9ef777bcb79d0171d756da69aff722af1325936a:0",
      "script_sig": "483045022100c04d9ff049dba20b94f61fb2c37ee60cba8dafdd0a0db42b6aff33313c88e655022001f1df0c1211267b24c8ff2c0e756a3c7002d18ae533239295d35e725b17d2a7014104b36190d44d56bb1c5ee58f2c40171ae2574262d7e989258a8bcdbfb1eb40350830b278812338f2256711e5799ae7595de96bca0c7b3546d18047fc337f0be6d0",
      "sequence": 4294967295,
      "witness": []
    },
    {
      "Some": [
        75,
        52,
        205,
        128,
        237,
        148,
        37,
        79,
        208,
        34,
        248,
        58,
        47,
        39,
        5,
        232,
        204,
        98,
        116,
        71,
        226,
        171,
        253,
        172,
        158,
        151,
        66,
        246,
        61,
        64,
        201,
        60
      ]
    }
  ],
  [
    {
      "previous_output": "4d867474de41fdcfe8652b2cbccc853fa8e5a8936acf448f04efd92eff4024a6:0",
      "script_sig": "47304402207fa209b230dd03c4dacd2bc1436459f3172512f460555af810c7531dd028efd202203c9e0dac013ed53f5f213b3750105a45ddf02bd44ec0b0d8b45a20a615699dd20141042666fedb0b2c95ac7c36d7eb8437f41d9640e7968eb771a120cfeac19743b435b59ae6b4725f27f3a6aab6d0ed6ceba9f3ceffe5669f6cfe0f50abfd5973af98",
      "sequence": 4294967295,
      "witness": []
    },
    {
      "Some": [
        79,
        222,
        16,
        166,
        216,
        228,
        104,
        18,
        153,
        35,
        165,
        206,
        114,
        205,
        184,
        102,
        115,
        172,
        230,
        237,
        9,
        56,
        236,
        169,
        171,
        94,
        15,
        81,
        107,
        29,
        252,
        86
      ]
    }
  ],
  [
    {
      "previous_output": "5b42ee3e76bb0c966ce714d3afab329183f6e7792d8909015384de016a939313:0",
      "script_sig": "493046022100adab97c5008099bebc5a9b2a2801186e4c9d064a7de6b6fd9fc02cc20200ee2e022100b6c1fdf26fe2d0cde59402c86e0247760e8272a92739d3bebfbbb33e650438c2014104c64ea853cb6f7cd731e60f264d979cdcb99f96640e8673f97092fff4e2b4bd9170c76eefad8fda7dd32affd27e8ab20da93861e1f861d0f19d24a9f2cc1a58b9",
      "sequence": 4294967295,
      "witness": []
    },
    {
      "Some": [
        101,
        49,
        170,
        231,
        109,
        49,
        56,
        246,
        129,
        36,
        202,
        106,
        194,
        96,
        221,
        244,
        102,
        85,
        106,
        60,
        195,
        247,
        165,
        111,
        136,
        152,
        253,
        102,
        119,
        199,
        73,
        209
      ]
    }
  ],
  [
    {
      "previous_output": "22ad6be408933741421f3e7cd46747f8186af7aaf65c5aa4e4347622917c3730:0",
      "script_sig": "493046022100ff76d7b272fd2b68b7d43d8cba2130f7e31a57e7cd0002950ca7b844c1b13ba6022100c191efb8e87b12f1116dd5fa7a8d0d9ecf4e6a01fb4e50669d029d6a4f05cf2d014104e18c64ac68b73b3af1a4c17e5ae0bb2df7075ef5af430c6b6533dac4c084d6b4844c8b246199a48e3cfb972af9bc2108d5ef5d89015fa69eefddd6b788db17cb",
      "sequence": 4294967295,
      "witness": []
    },
    {
      "Some": [
        98,
        156,
        70,
        226,
        72,
        197,
        215,
        44,
        166,
        210,
        235,
        20,
        110,
        33,
        113,
        15,
        143,
        167,
        235,
        61,
        13,
        72,
        62,
        35,
        125,
        201,
        85,
        166,
        174,
        113,
        27,
        52
      ]
    }
  ],
  [
    {
      "previous_output": "6dca508acb1ab5a7370216d1340749bcd7d60431b324f9ff371ead214eb426ce:0",
      "script_sig": "48304502202e8e1cce8bec792df22a0a53e43fad244c1e5da57204d8d653d4cf7e53efaeee022100bfe6a582adabafd6e0748f4db242c172346973db8ceb457c7a3fd10aec326eff01410486c6e8ba49ddd85893069bcd9fd8329a1e357ef34f760d54d6f0e80cd288d42e841e2e0870fd6c0df32ea592e1ef7153419411cb206d4fc26eeec53d5abe6521",
      "sequence": 4294967295,
      "witness": []
    },
    {
      "Some": [
        149,
        66,
        217,
        21,
        97,
        197,
        2,
        233,
        100,
        155,
        231,
        137,
        48,
        118,
        104,
        94,
        228,
        58,
        185,
        160,
        97,
        30,
        95,
        18,
        15,
        103,
        195,
        36,
        137,
        169,
        171,
        130
      ]
    }
  ],
  [
    {
      "previous_output": "e4df4b461fb6440915778ad4f9bd2f87ea848d53d0740a3375593f1980427d4c:0",
      "script_sig": "48304502203f04f264542beac798ee7c0195b8537a76f3e274e8781532f5c687a152345d05022100e42364085b471f722e7ce7fb16c2f3104a3c1f3bb284fd1da5d0aa1e9ad6802b014104bfbb32e81e52d60c046ecf4990f84297554f359f0e9b92abc612add217e9f6064e170b8c2edc8779f2ac7230de9813930735251e24a64e348fc7be16c64d94d3",
      "sequence": 4294967295,
      "witness": []
    },
    {
      "Some": [
        116,
        124,
        100,
        217,
        122,
        84,
        207,
        88,
        93,
        136,
        18,
        55,
        40,
        254,
        121,
        17,
        252,
        155,
        96,
        228,
        32,
        233,
        43,
        183,
        146,
        169,
        67,
        176,
        146,
        131,
        141,
        206
      ]
    }
  ]
]